3 0.12499999999999956 311.0 19.875 361.99999999999994
3 0.0 466.99999999999994 34.0 534.0
3 0.0 582.0 38.0 639.0
3 0.2499999999999991 361.75000000000006 45.74999999999999 410.25
3 1.875 411.75 26.125 458.25
3 7.500000000000002 254.5 46.5 295.5
3 9.499999999999996 176.50000000000003 51.5 209.5
3 17.750000000000004 399.875 66.25 470.125
3 21.750000000000004 529.75 66.25 588.25
3 24.25 314.75 67.75 385.25
3 28.25 297.0 55.75 330.0
3 37.0 459.75 81.00000000000001 534.25
3 36.87499999999999 579.0 85.125 631.0
3 43.125 151.75 68.875 188.25
3 54.125 356.0 95.875 406.99999999999994
3 58.00000000000001 185.0 86.0 226.0
3 63.00000000000001 302.875 98.0 352.125
3 66.125 522.0 104.875 585.0
3 68.0 406.5 112.0 463.5
3 80.75000000000001 162.5 97.25 188.5
3 82.5 343.75 115.5 389.25
3 87.74999999999999 571.5 129.25 623.5
3 91.0 259.5 117.99999999999999 306.5
3 92.25 447.75 127.75 504.25000000000006
3 93.0 188.5 117.0 228.5
3 100.75 296.75 139.25 345.25
3 105.75 510.5 149.25 570.5
3 107.125 396.875 144.875 451.125
3 109.875 166.5 125.125 196.5
3 124.5 200.0 147.5 225.0
3 125.24999999999999 553.25 163.75 623.75
3 127.75 436.25 167.25 493.75
3 130.0 278.125 161.0 307.875
3 132.0 180.0 147.0 195.0
3 135.25 354.5 164.75 400.5
3 141.75 299.0 171.25 351.99999999999994
3 144.0 389.00000000000006 181.0 440.0
3 146.5 501.25 193.5 570.75
3 154.875 199.875 178.125 222.12500000000003
3 156.5 180.25 173.5 188.75
3 162.0 270.25 187.0 307.75
3 171.0 433.75 204.0 482.24999999999994
3 172.24999999999997 356.0 195.75 389.0
3 173.49999999999997 284.0 195.5 345.0
3 174.5 538.0 205.5 605.0
3 181.875 199.0 210.12500000000003 236.0
3 183.875 389.00000000000006 214.12499999999997 430.0
3 186.75 494.0 228.25 552.0
3 188.49999999999997 276.75 215.5 295.25
3 195.49999999999997 225.99999999999997 232.5 263.0
3 206.5 359.49999999999994 233.5 391.5
3 206.25 307.875 237.75 363.125
3 206.25 436.12500000000006 243.75 485.875
3 208.125 542.0 245.875 586.0
3 214.125 199.0 245.875 236.0
3 218.25 393.125 247.75000000000003 433.875
3 220.49999999999997 265.25 247.5 303.75
3 225.25 480.99999999999994 259.75 540.0
3 232.875 229.875 253.125 265.125
3 238.25 352.25 257.75 391.75000000000006
3 240.75 430.25000000000006 270.25 478.75
3 245.0 258.0 277.0 304.0
3 245.875 384.125 282.125 447.875
3 248.125 198.87500000000003 276.875 228.125
3 261.75 317.25 284.25 359.75
3 263.25 225.75 287.75 280.25
3 270.5 432.5 289.5 452.5
3 273.0 354.5 300.0 400.5
3 279.5 254.50000000000003 306.5 287.5
3 286.75 387.75 316.25 425.25
3 287.5 326.25 314.5 366.75
3 307.5 355.75 324.5 404.25
3 478.75 284.25 506.25 313.75
3 484.25 314.75 503.75 351.25
3 490.875 336.99999999999994 516.125 371.0
3 501.5 314.0 525.5 341.0
3 510.74999999999994 281.75 535.25 319.25
3 510.74999999999994 366.75 535.25 393.25
3 516.5 337.25 537.5 381.75000000000006
3 531.0 347.75000000000006 560.0 371.25
3 533.5 326.50000000000006 547.5 352.5
3 535.25 370.0 557.75 397.0
3 537.5 296.75 554.5 336.25
