3 0.12499999999999956 311.0 19.875 361.99999999999994
3 0.0 466.99999999999994 34.0 534.0
3 0.0 582.0 38.0 639.0
3 0.2499999999999991 361.75000000000006 45.74999999999999 410.25
3 1.875 411.75 26.125 458.25
3 7.500000000000002 254.5 46.5 295.5
3 9.499999999999996 176.25 51.5 209.75
3 17.5 399.75 66.5 470.25
3 21.750000000000004 529.75 66.25 588.25
3 24.25 314.75 67.75 385.25
3 28.25 297.0 55.75 330.0
3 37.0 459.75 81.00000000000001 534.25
3 36.87499999999999 579.0 85.125 631.0
3 43.24999999999999 151.5 68.75 188.5
3 54.125 356.0 95.875 406.99999999999994
3 58.00000000000001 185.0 86.0 226.0
3 63.00000000000001 302.75 98.0 352.25
3 66.25000000000001 522.0 104.75000000000001 585.0
3 68.0 406.5 112.0 463.5
3 80.875 162.5 97.125 188.5
3 82.25 343.87499999999994 115.75000000000001 389.125
3 87.74999999999999 571.5 129.25 623.5
3 91.0 259.5 117.99999999999999 306.5
3 92.5 447.5 127.5 504.5
3 93.0 188.5 117.0 228.5
3 100.75 296.75 139.25 345.25
3 105.875 510.5 149.125 570.5
3 107.25 396.75 144.75 451.25
3 109.875 166.5 125.125 196.5
3 124.24999999999999 200.0 147.75 225.0
3 125.24999999999999 553.25 163.75 623.75
3 127.875 436.125 167.125 493.875
3 130.0 278.25 161.0 307.75
3 132.0 180.0 147.0 195.0
3 135.25 354.5 164.75 400.5
3 141.875 299.0 171.125 351.99999999999994
3 144.0 389.00000000000006 181.0 440.0
3 146.25 501.12500000000006 193.75 570.875
3 154.74999999999997 199.75 178.25 222.25
3 156.25 180.125 173.75 188.875
3 162.0 270.25 187.0 307.75
3 171.0 433.87499999999994 204.0 482.125
3 172.24999999999997 356.0 195.75 389.0
3 173.49999999999997 284.0 195.5 345.0
3 174.5 538.0 205.5 605.0
3 181.75 199.0 210.25000000000003 236.0
3 183.75 389.00000000000006 214.24999999999997 430.0
3 186.875 494.0 228.125 552.0
3 188.49999999999997 276.75 215.5 295.25
3 195.49999999999997 225.99999999999997 232.5 263.0
3 206.5 359.49999999999994 233.5 391.5
3 206.25 307.875 237.75 363.125
3 206.25 436.12500000000006 243.75 485.875
3 208.25 542.0 245.75 586.0
3 214.25 199.0 245.75 236.0
3 218.5 393.25 247.5 433.75
3 220.25 265.125 247.75 303.875
3 225.25 480.99999999999994 259.75 540.0
3 232.75000000000003 229.75 253.25 265.25
3 238.125 352.12500000000006 257.875 391.875
3 240.87500000000003 430.125 270.125 478.875
3 245.0 258.0 277.0 304.0
3 245.875 384.125 282.125 447.875
3 248.25 198.75 276.75 228.25000000000003
3 261.75 317.25 284.25 359.75
3 263.25 225.75 287.75 280.25
3 270.25 432.5 289.75 452.5
3 273.0 354.5 300.0 400.5
3 279.75 254.25 306.25 287.75
3 286.875 387.875 316.125 425.12499999999994
3 287.5 326.25 314.5 366.75
3 307.75 355.875 324.25000000000006 404.125
3 478.875 284.125 506.125 313.875
3 484.25 314.75 503.75 351.25
3 490.75 336.99999999999994 516.25 371.0
3 501.5 314.0 525.5 341.0
3 510.74999999999994 281.75 535.25 319.25
3 510.875 366.875 535.125 393.125
3 516.25 337.12500000000006 537.75 381.875
3 531.0 347.75000000000006 560.0 371.25
3 533.5 326.50000000000006 547.5 352.5
3 535.25 370.0 557.75 397.0
3 537.75 296.875 554.25 336.125
