3 7.124999999999999 475.0 65.875 529.0
3 38.5 419.0 76.5 441.0
3 58.50000000000001 463.0 70.5 473.0
3 68.0 475.125 78.0 481.875
3 76.75 494.25 90.25 503.75
3 84.25 467.5 98.75 479.5
3 120.49999999999999 462.875 136.5 470.12499999999994
3 129.25 466.5 142.75 479.49999999999994
3 141.5 409.0 161.5 421.0
3 144.0 474.0 160.0 484.0
3 163.25 493.75 170.75 500.25000000000006
3 170.875 397.0 188.125 408.0
3 171.875 491.5 183.125 501.5
3 172.0 384.75 188.0 393.24999999999994
3 210.125 525.75 218.875 534.25
3 214.5 412.125 224.5 420.875
3 223.25 517.75 231.75 524.25
3 230.75 525.5 242.24999999999997 534.5
3 237.875 415.74999999999994 249.125 422.25
3 239.5 500.12499999999994 249.5 507.875
3 240.875 462.875 249.125 470.12499999999994
3 244.25 365.0 252.75000000000003 373.0
3 244.0 497.125 254.0 502.875
3 252.75 455.25 277.25 482.75
3 256.75 373.75 270.25 390.25000000000006
3 256.875 403.75 276.125 414.25
3 261.125 511.875 268.875 517.125
3 306.5 390.25000000000006 324.5 403.75
3 311.25 486.99999999999994 319.75 496.0
3 336.0 323.75 354.0 334.25
3 337.12500000000006 415.75 356.875 424.25
3 350.875 425.875 365.12499999999994 439.125
3 356.875 298.0 370.125 311.0
3 366.5 406.0 384.49999999999994 418.00000000000006
3 378.5 423.5 390.50000000000006 433.5
