3 7.124999999999999 475.0 65.875 529.0
3 38.5 419.0 76.5 441.0
3 58.50000000000001 463.0 70.5 473.0
3 68.0 475.25 78.0 481.75000000000006
3 76.75 494.25 90.25 503.75
3 84.125 467.5 98.87500000000001 479.5
3 120.49999999999999 462.75 136.5 470.25
3 129.125 466.25 142.875 479.74999999999994
3 141.5 409.0 161.5 421.0
3 144.0 474.0 160.0 484.0
3 163.25 493.75 170.75 500.25000000000006
3 170.75 397.0 188.25 408.0
3 171.875 491.5 183.125 501.5
3 172.0 384.875 188.0 393.125
3 210.25 525.5 218.75 534.5
3 214.5 412.25 224.5 420.74999999999994
3 223.125 517.875 231.875 524.125
3 230.875 525.75 242.125 534.25
3 237.875 415.74999999999994 249.125 422.25
3 239.5 500.25 249.5 507.75
3 240.875 462.875 249.125 470.12499999999994
3 244.125 365.0 252.875 373.0
3 244.0 497.25 254.0 502.75
3 252.875 455.12499999999994 277.125 482.875
3 256.75 373.75 270.25 390.25000000000006
3 256.875 403.75 276.125 414.25
3 261.25 511.75000000000006 268.75 517.25
3 306.5 390.25000000000006 324.5 403.75
3 311.125 486.99999999999994 319.875 496.0
3 336.0 323.75 354.0 334.25
3 337.25 415.5 356.75000000000006 424.5
3 350.74999999999994 425.75 365.25 439.25
3 356.875 298.0 370.125 311.0
3 366.5 406.0 384.49999999999994 418.00000000000006
3 378.5 423.5 390.50000000000006 433.5
