0 17.5 309.5 532.5 639.5
0 198.87500000000003 146.875 208.125 158.125
0 210.0 158.125 220.0 167.875
0 219.00000000000003 141.125 228.0 154.875
0 351.25 160.99999999999997 424.74999999999994 198.0
0 468.5 157.5 473.5 163.5
0 476.5 179.74999999999997 481.5 188.25
0 484.00000000000006 617.875 505.0 639.125
0 489.875 163.75 496.125 168.25000000000003
0 495.5 227.99999999999997 504.5 235.0
0 497.5 175.0 503.49999999999994 180.0
0 515.75 182.0 522.25 188.0
0 515.875 240.875 523.125 247.125
0 519.0 187.0 524.0 193.0
0 525.875 185.75 531.125 190.25000000000003
0 538.125 191.875 593.875 216.12499999999997
0 561.75 228.875 568.25 237.12500000000003
0 574.125 277.0 579.875 284.0
0 588.5 284.0 597.5 290.0
