0 17.749999999999986 309.5 532.25 639.5
0 198.75 146.75 208.25000000000003 158.25
0 210.0 158.125 220.0 167.875
0 219.00000000000003 141.125 228.0 154.875
0 351.25 160.99999999999997 424.74999999999994 198.0
0 468.5 157.5 473.5 163.5
0 476.5 179.74999999999997 481.5 188.25
0 484.00000000000006 617.875 505.0 639.125
0 489.74999999999994 163.5 496.25 168.5
0 495.75 227.99999999999997 504.25 235.0
0 497.5 175.0 503.49999999999994 180.0
0 515.5 182.0 522.5 188.0
0 515.75 240.75 523.25 247.24999999999997
0 519.0 187.0 524.0 193.0
0 525.875 185.75 531.125 190.25000000000003
0 538.25 191.74999999999997 593.75 216.25
0 561.5 228.75 568.5 237.25
0 574.125 277.0 579.875 284.0
0 588.5 284.0 597.5 290.0
