0 0.0 249.87499999999997 11.0 273.125
0 0.0 267.0 11.0 294.0
0 0.0 187.00000000000003 12.0 235.0
0 0.0 69.125 17.0 99.87499999999999
0 0.0 73.75 84.0 199.25
0 0.24999999999999967 151.5 5.75 179.5
0 0.25000000000000355 255.75 98.75 422.24999999999994
0 45.25 264.75 185.75000000000003 449.25000000000006
0 54.12500000000001 162.24999999999997 173.875 275.75
0 131.75 178.5 269.25 336.5
0 167.0 298.75000000000006 303.0 480.25000000000006
0 209.87499999999997 101.00000000000001 318.125 251.0
0 212.5 308.5 265.5 371.5
0 256.25000000000006 172.125 457.75000000000006 378.875
0 269.75 313.0 410.25 510.0
0 331.75000000000006 109.5 502.25 283.5
0 395.75 0.2499999999999991 516.25 39.75
0 407.0 324.875 562.0 556.125
0 475.0 217.00000000000003 609.0 415.0
0 538.125 269.75 639.875 584.25
