0 0.0 249.74999999999997 11.0 273.25
0 0.0 267.0 11.0 294.0
0 0.0 187.00000000000003 12.0 235.0
0 0.0 69.125 17.0 99.87499999999999
0 0.0 73.75 84.0 199.25
0 0.4999999999999999 151.5 5.5 179.5
0 0.25000000000000355 255.75 98.75 422.24999999999994
0 45.125000000000014 264.87500000000006 185.875 449.125
0 54.12500000000001 162.24999999999997 173.875 275.75
0 131.875 178.5 269.125 336.5
0 167.0 298.75000000000006 303.0 480.25000000000006
0 209.87499999999997 101.00000000000001 318.125 251.0
0 212.24999999999997 308.25 265.75 371.75
0 256.5 172.25 457.5 378.75
0 269.75 313.0 410.25 510.0
0 331.75000000000006 109.5 502.25 283.5
0 395.75 0.2499999999999991 516.25 39.75
0 407.0 324.74999999999994 562.0 556.25
0 475.0 217.00000000000003 609.0 415.0
0 538.125 269.75 639.875 584.25
