3 24.999999999999996 417.125 82.0 497.875
3 43.5 374.75 126.5 484.25000000000006
3 70.5 229.875 126.49999999999999 332.125
3 94.125 307.75 175.875 410.25
3 99.875 489.87500000000006 146.125 569.125
3 114.0 242.5 161.0 314.5
3 142.125 493.75 196.875 572.25
3 148.875 546.125 229.12499999999997 625.875
3 167.0 278.125 215.99999999999997 347.875
3 167.0 352.0 229.00000000000003 438.0
3 209.25 411.5 262.75 490.50000000000006
3 245.49999999999997 259.25 302.5 337.75
3 246.5 510.0 298.5 589.0
3 263.75 423.5 323.25 496.5
3 340.25 420.0 427.75 539.0
3 374.49999999999994 313.0 463.5 430.0
3 420.0 453.25 524.0 586.75
