3 24.999999999999996 417.125 82.0 497.875
3 43.75 374.87500000000006 126.25 484.125
3 70.5 229.875 126.49999999999999 332.125
3 94.125 307.75 175.875 410.25
3 99.75000000000001 489.75 146.25 569.25
3 114.0 242.5 161.0 314.5
3 142.25 493.49999999999994 196.75 572.5
3 148.875 546.125 229.12499999999997 625.875
3 167.0 278.125 215.99999999999997 347.875
3 167.0 352.0 229.00000000000003 438.0
3 209.125 411.75000000000006 262.875 490.25
3 245.49999999999997 259.25 302.5 337.75
3 246.5 510.0 298.5 589.0
3 263.875 423.75 323.125 496.25
3 340.12499999999994 420.0 427.875 539.0
3 374.25 313.0 463.75 430.0
3 420.0 453.125 524.0 586.875
