0 0.0 424.25000000000006 31.0 467.75
0 0.0 465.75 121.0 509.25
0 18.0 547.5 39.0 558.5
0 33.75 431.75 129.25 463.25
0 38.74999999999999 544.25 53.24999999999999 551.75
0 53.50000000000001 548.25 60.5 556.75
0 55.0 464.25 82.0 491.75
0 112.50000000000001 466.5 229.50000000000003 501.5
0 128.5 428.5 225.49999999999997 458.5
0 148.25 540.75 163.75 547.25
0 170.0 537.25 192.00000000000003 545.75
0 227.00000000000003 418.25 309.0 495.75
0 274.25 532.25 283.75 540.75
0 286.75 530.75 294.25 537.25
0 294.25 529.0 308.75 539.0
0 527.5 541.5 538.5 556.5
0 539.5 440.75 639.5 544.25
0 540.0 551.5 547.0 561.5
0 623.75 619.0 639.25 634.0
