3 3.0000000000000004 538.0 15.0 555.0
3 2.25 506.875 15.750000000000002 538.125
3 2.75 485.25 22.25 515.75
3 15.875000000000002 510.125 33.125 553.875
3 17.875 466.12500000000006 28.125 502.875
3 38.0 569.0 53.0 593.0
3 39.5 593.0 47.5 611.0
3 42.25 474.875 49.75 498.125
3 43.00000000000001 453.25 60.0 483.75
3 56.25 511.875 71.75 542.125
3 69.75 575.75 76.25 599.25
3 76.25 524.5 91.75 546.5
3 81.25 593.0 96.75 611.0
3 81.25 505.0 99.75000000000001 533.0
3 85.0 549.5 107.0 577.5
3 92.00000000000001 519.0 109.0 551.0
3 96.25 571.75 131.75 606.25
3 101.12499999999999 616.5 120.875 634.5
3 116.0 535.75 138.0 559.25
3 116.0 514.875 139.0 533.125
3 123.125 615.125 148.875 638.875
3 128.0 553.875 145.0 594.125
3 145.0 518.75 160.0 545.25
3 155.99999999999997 563.875 177.0 599.125
3 160.0 527.125 181.0 557.875
3 163.75 594.5 182.25 628.5
3 179.5 602.5 199.5 639.5
3 180.75 551.0 194.25 580.0
3 192.0 529.0 209.00000000000003 564.0
3 198.0 564.0 217.0 593.0
3 199.50000000000003 594.5 217.5 634.5
3 217.0 545.0 234.00000000000003 573.0
3 237.0 520.5 252.0 562.5
3 244.5 563.75 261.5 599.25
3 261.0 584.25 281.0 610.75
3 263.5 536.0 286.5 576.0
3 267.0 612.5 293.0 634.5
3 275.5 520.0 295.5 558.0
3 288.0 585.875 311.0 619.125
3 293.875 520.125 315.125 546.875
3 296.125 546.25 320.875 575.75
3 308.25 615.0 324.75 634.0
3 313.875 502.5 323.125 520.5
3 315.0 527.25 338.0 553.75
3 315.74999999999994 593.0 340.25 626.0
3 322.25 557.75 342.75 594.25
3 333.0 616.5 360.0 638.5
3 334.25000000000006 581.875 357.75 612.125
3 339.5 510.25 362.5 546.75
3 342.0 536.25 363.0 571.75
3 347.0 607.75 370.0 634.25
3 362.75000000000006 581.5 386.25 606.5
3 364.49999999999994 540.75 381.5 584.25
3 364.49999999999994 510.0 386.5 533.0
3 369.87500000000006 603.75 404.125 628.25
3 382.5 533.25 399.5 568.75
3 382.25 567.125 401.75000000000006 607.875
3 386.5 511.99999999999994 401.5 541.0
3 401.75 594.25 418.25 619.75
3 403.75 531.75 426.25 568.25
3 424.0 527.25 449.0 553.75
3 440.5 484.0 465.5 519.0
3 455.125 496.5 474.875 524.5
3 468.49999999999994 458.25 507.5 510.75
3 478.125 516.125 501.875 531.875
3 504.25000000000006 506.875 529.75 538.125
3 520.0 481.25 544.0 514.75
