3 3.0000000000000004 538.0 15.0 555.0
3 2.25 506.875 15.750000000000002 538.125
3 2.875 485.12499999999994 22.125 515.875
3 15.750000000000002 510.25000000000006 33.25 553.75
3 17.75 466.25 28.249999999999996 502.75000000000006
3 38.0 569.0 53.0 593.0
3 39.5 593.0 47.5 611.0
3 42.5 474.75 49.49999999999999 498.24999999999994
3 43.00000000000001 453.25 60.0 483.75
3 56.5 511.75000000000006 71.5 542.25
3 69.875 575.875 76.125 599.125
3 76.5 524.5 91.5 546.5
3 81.25 593.0 96.75 611.0
3 81.25 505.0 99.75000000000001 533.0
3 85.0 549.5 107.0 577.5
3 92.00000000000001 519.0 109.0 551.0
3 96.5 571.5 131.5 606.5
3 101.25 616.5 120.75 634.5
3 116.0 535.875 138.0 559.125
3 116.0 514.875 139.0 533.125
3 123.25 615.25 148.75 638.75
3 128.0 553.875 145.0 594.125
3 145.0 518.875 160.0 545.125
3 155.99999999999997 563.75 177.0 599.25
3 160.0 527.25 181.0 557.75
3 163.5 594.5 182.5 628.5
3 179.5 602.5 199.5 639.5
3 180.75 551.0 194.25 580.0
3 192.0 529.0 209.00000000000003 564.0
3 198.0 564.0 217.0 593.0
3 199.50000000000003 594.5 217.5 634.5
3 217.0 545.0 234.00000000000003 573.0
3 237.0 520.5 252.0 562.5
3 244.5 563.75 261.5 599.25
3 261.0 584.25 281.0 610.75
3 263.5 536.0 286.5 576.0
3 267.0 612.5 293.0 634.5
3 275.5 520.0 295.5 558.0
3 288.0 585.75 311.0 619.25
3 293.875 520.125 315.125 546.875
3 296.25 546.5 320.75 575.5
3 308.125 615.0 324.875 634.0
3 313.875 502.5 323.125 520.5
3 315.0 527.25 338.0 553.75
3 315.74999999999994 593.0 340.25 626.0
3 322.25 557.75 342.75 594.25
3 333.0 616.5 360.0 638.5
3 334.25000000000006 581.875 357.75 612.125
3 339.75 510.125 362.25 546.875
3 342.0 536.125 363.0 571.875
3 347.0 607.875 370.0 634.125
3 362.875 581.75 386.12500000000006 606.25
3 364.49999999999994 540.75 381.5 584.25
3 364.49999999999994 510.0 386.5 533.0
3 369.75 603.5 404.25000000000006 628.5
3 382.25 533.125 399.75 568.875
3 382.25 567.125 401.75000000000006 607.875
3 386.5 511.99999999999994 401.5 541.0
3 401.75 594.25 418.25 619.75
3 403.5 531.5 426.5 568.5
3 424.0 527.25 449.0 553.75
3 440.5 484.0 465.5 519.0
3 455.125 496.5 474.875 524.5
3 468.49999999999994 458.25 507.5 510.75
3 478.25 516.25 501.75 531.75
3 504.5 506.75 529.5 538.25
3 520.0 481.125 544.0 514.875
