3 174.125 266.125 222.875 317.875
3 204.0 392.5 236.0 451.50000000000006
3 205.49999999999997 308.0 227.5 363.0
3 223.75 335.99999999999994 254.24999999999997 395.0
3 236.0 432.25 265.0 481.75000000000006
3 265.5 415.0 297.5 474.00000000000006
3 282.0 458.125 319.0 509.875
3 322.25 466.75 351.75000000000006 518.25
3 344.0 429.875 381.0 480.125
3 361.75 461.75 398.25 514.25
3 398.125 459.75 442.87499999999994 514.25
3 418.0 430.0 445.0 475.99999999999994
3 422.5 148.25 454.5 192.75000000000003
3 449.75 418.75 484.25000000000006 470.25000000000006
3 462.25 362.25 490.74999999999994 439.75
3 479.0 322.5 501.0 377.5
