3 174.25 266.25 222.75000000000003 317.75
3 204.0 392.5 236.0 451.50000000000006
3 205.49999999999997 308.0 227.5 363.0
3 223.49999999999997 335.99999999999994 254.5 395.0
3 236.0 432.5 265.0 481.50000000000006
3 265.5 415.0 297.5 474.00000000000006
3 282.0 458.24999999999994 319.0 509.75
3 322.25 466.75 351.75000000000006 518.25
3 344.0 429.75 381.0 480.25
3 361.75 461.75 398.25 514.25
3 398.24999999999994 459.5 442.75 514.5
3 418.0 430.0 445.0 475.99999999999994
3 422.5 148.25 454.5 192.75000000000003
3 449.87500000000006 418.875 484.125 470.125
3 462.125 362.125 490.875 439.87500000000006
3 479.0 322.25 501.0 377.75
