3 174.25 266.25 222.75000000000003 317.75
3 204.0 392.25 236.0 451.75000000000006
3 205.49999999999997 308.0 227.5 363.0
3 223.49999999999997 335.99999999999994 254.5 395.0
3 236.0 432.25 265.0 481.75000000000006
3 265.5 415.0 297.5 474.00000000000006
3 282.0 458.24999999999994 319.0 509.75
3 322.25 466.75 351.75000000000006 518.25
3 344.0 429.875 381.0 480.125
3 361.5 461.5 398.5 514.5
3 398.125 459.75 442.87499999999994 514.25
3 418.0 430.0 445.0 475.99999999999994
3 422.5 148.125 454.5 192.875
3 449.75 418.75 484.25000000000006 470.25000000000006
3 462.125 362.125 490.875 439.87500000000006
3 479.0 322.5 501.0 377.5
