2 44.5 568.0 61.49999999999999 611.0
2 70.5 559.0 87.5 600.0
2 178.49999999999997 559.75 184.5 568.25
2 190.0 560.5 204.0 574.5
2 191.0 525.25 196.0 539.75
2 288.5 551.5 346.5 639.5
2 345.875 444.875 351.12500000000006 461.125
2 348.75 599.75 412.24999999999994 639.25
2 423.125 574.25 463.875 639.75
2 431.875 466.99999999999994 441.125 491.0
2 493.125 480.0 528.875 602.0
2 548.75 418.25 557.25 430.75
2 591.75 416.0 607.25 429.0
2 592.25 506.125 599.75 533.875
2 614.25 454.25000000000006 639.75 544.75
