3 0.0 132.75 21.0 182.25
3 5.0 513.0 30.0 540.0
3 6.000000000000001 136.87500000000003 46.99999999999999 205.12500000000003
3 12.999999999999998 405.0 38.0 440.0
3 22.125 537.125 37.875 562.875
3 23.249999999999996 585.5 52.75 628.5
3 30.124999999999996 367.875 55.875 395.12499999999994
3 49.75000000000001 603.25 68.25 628.75
3 52.25 24.125000000000007 111.74999999999999 93.875
3 57.25 311.5 82.75 344.49999999999994
3 59.5 418.00000000000006 79.5 441.0
3 67.5 380.99999999999994 84.5 405.0
3 75.125 480.12499999999994 96.875 520.875
3 75.125 229.875 101.875 259.125
3 84.5 344.5 99.5 357.5
3 85.12500000000001 308.0 107.875 342.0
3 149.0 0.2499999999999991 216.0 67.75
3 169.00000000000003 318.0 187.0 352.0
3 178.5 417.25 203.5 457.75
3 181.75 37.75 250.25000000000003 117.25
3 192.0 308.875 205.99999999999997 344.125
3 206.875 301.5 236.12499999999997 355.50000000000006
3 211.0 354.25 234.0 390.75
3 221.75 390.25 250.25000000000003 421.75000000000006
3 233.0 196.875 276.0 246.12499999999997
3 253.25 469.75 265.75 489.25000000000006
3 275.0 354.25 296.0 390.75
3 276.0 487.25 293.0 509.75
3 290.25 549.25 315.75 598.75
3 303.5 605.5 320.5 636.5
3 325.75 380.99999999999994 343.25 405.0
3 343.0 411.0 368.0 438.00000000000006
3 345.875 371.875 372.125 418.125
3 377.25 202.25 411.75000000000006 242.75
3 405.125 163.875 424.875 202.12500000000003
3 424.25 167.0 451.75 202.0
3 432.25 205.75 461.75000000000006 238.25
3 439.49999999999994 109.25 476.5 158.75
3 449.875 593.875 471.125 613.125
3 456.25 218.5 481.75 251.5
3 466.99999999999994 197.00000000000003 486.0 220.0
3 466.99999999999994 355.25 491.0 401.75000000000006
3 491.99999999999994 609.0 516.0 633.0
3 496.0 235.25000000000003 516.0 261.75
3 501.25 463.25 530.75 500.75
3 510.875 179.125 536.125 216.875
3 519.0 216.25 548.0 252.75
3 560.25 348.0 596.75 390.0
3 580.25 186.25 617.75 215.75000000000003
3 585.25 153.75 612.75 202.25
