3 0.0 132.75 21.0 182.25
3 5.0 513.0 30.0 540.0
3 6.000000000000001 136.87500000000003 46.99999999999999 205.12500000000003
3 12.999999999999998 405.0 38.0 440.0
3 22.125 537.125 37.875 562.875
3 23.125 585.75 52.875 628.25
3 30.124999999999996 367.875 55.875 395.12499999999994
3 49.87500000000001 603.125 68.125 628.875
3 52.49999999999999 24.250000000000004 111.49999999999999 93.75
3 57.25 311.5 82.75 344.49999999999994
3 59.5 418.00000000000006 79.5 441.0
3 67.5 380.99999999999994 84.5 405.0
3 75.25 480.25 96.74999999999999 520.75
3 75.125 229.875 101.875 259.125
3 84.24999999999999 344.25000000000006 99.75 357.75
3 85.25 308.0 107.75 342.0
3 149.0 0.2499999999999991 216.0 67.75
3 169.00000000000003 318.0 187.0 352.0
3 178.25000000000003 417.125 203.75 457.875
3 181.875 37.875 250.12500000000003 117.125
3 192.0 308.75 205.99999999999997 344.25
3 206.74999999999997 301.5 236.25 355.50000000000006
3 211.0 354.125 234.0 390.875
3 221.75 390.25 250.25000000000003 421.75000000000006
3 233.0 196.74999999999997 276.0 246.25
3 253.125 469.87500000000006 265.875 489.125
3 275.0 354.25 296.0 390.75
3 276.0 487.25 293.0 509.75
3 290.125 549.125 315.875 598.875
3 303.75 605.75 320.25 636.25
3 325.75 380.99999999999994 343.25 405.0
3 343.0 411.0 368.0 438.00000000000006
3 345.875 371.875 372.125 418.125
3 377.25 202.25 411.75000000000006 242.75
3 405.125 163.875 424.875 202.12500000000003
3 424.12499999999994 167.0 451.875 202.0
3 432.25 205.75 461.75000000000006 238.25
3 439.74999999999994 109.12500000000001 476.25 158.875
3 449.875 593.875 471.125 613.125
3 456.25 218.5 481.75 251.5
3 466.99999999999994 197.00000000000003 486.0 220.0
3 466.99999999999994 355.125 491.0 401.875
3 491.99999999999994 609.0 516.0 633.0
3 496.0 235.25000000000003 516.0 261.75
3 501.12500000000006 463.125 530.875 500.87500000000006
3 510.875 179.125 536.125 216.875
3 519.0 216.25 548.0 252.75
3 560.125 348.0 596.875 390.0
3 580.25 186.25 617.75 215.75000000000003
3 585.25 153.75 612.75 202.25
