0 528.0 392.25 584.0 457.75
0 0.0 218.25 11.0 259.75
0 0.0 162.25 32.0 188.75
0 0.0 230.0 50.0 295.0
0 0.0 272.25 127.0 379.75
0 0.8749999999999991 184.00000000000003 34.125 203.0
0 10.999999999999996 413.24999999999994 191.0 547.75
0 29.499999999999996 149.00000000000003 77.5 203.0
0 52.875 619.75 103.125 638.25
0 77.75 554.5 152.25 631.5
0 85.5 224.50000000000003 124.5 272.5
0 104.75 579.0 182.25 639.0
0 119.24999999999999 174.25 169.74999999999997 231.75
0 125.0 211.5 176.0 277.5
0 169.0 219.75 209.0 270.25
0 171.75 592.0 238.25 639.0
0 176.0 270.5 216.0 349.5
0 177.0 107.99999999999999 189.00000000000003 126.0
0 185.0 118.0 196.0 137.0
0 201.0 284.5 264.0 362.5
0 214.125 206.25 256.875 249.75
0 216.0 232.75 276.0 307.25
0 233.49999999999997 118.875 245.5 140.125
0 242.5 136.0 253.5 155.0
0 259.0 293.0 315.0 358.0
0 267.25 416.75000000000006 424.75 575.25
0 269.875 246.0 319.125 311.0
0 273.75 183.875 300.25 234.12499999999997
0 313.5 503.125 377.5 577.875
0 329.75 242.75 380.25 323.25
0 343.0 625.75 388.0 638.25
0 350.5 290.5 377.5 332.5
0 371.0 254.50000000000003 428.00000000000006 332.5
0 373.5 547.25 436.5 638.75
0 406.125 562.0 484.875 639.0
0 418.25 286.0 455.75 341.0
0 421.875 237.99999999999997 475.125 310.0
0 434.125 348.125 579.875 499.875
0 540.25 508.87499999999994 613.75 594.125
0 588.875 588.125 639.125 638.875
0 606.5 523.75 639.5 605.25
