0 528.0 392.5 584.0 457.5
0 0.0 218.49999999999997 11.0 259.5
0 0.0 162.12500000000003 32.0 188.875
0 0.0 230.0 50.0 295.0
0 0.0 272.5 127.0 379.5
0 0.7499999999999996 184.00000000000003 34.25 203.0
0 10.999999999999996 413.125 191.0 547.875
0 29.499999999999996 149.00000000000003 77.5 203.0
0 52.875 619.75 103.125 638.25
0 77.75 554.5 152.25 631.5
0 85.75 224.50000000000003 124.25 272.5
0 104.875 579.0 182.125 639.0
0 119.24999999999999 174.25 169.74999999999997 231.75
0 125.0 211.5 176.0 277.5
0 169.0 219.75 209.0 270.25
0 171.5 592.0 238.5 639.0
0 176.0 270.5 216.0 349.5
0 177.0 107.99999999999999 189.00000000000003 126.0
0 185.0 118.0 196.0 137.0
0 201.0 284.5 264.0 362.5
0 214.125 206.25 256.875 249.75
0 216.0 232.875 276.0 307.125
0 233.49999999999997 118.75 245.5 140.25
0 242.25 136.0 253.75 155.0
0 259.0 293.0 315.0 358.0
0 267.125 416.875 424.87500000000006 575.125
0 269.75 246.0 319.25 311.0
0 273.75 183.875 300.25 234.12499999999997
0 313.5 503.24999999999994 377.5 577.75
0 329.75 242.75 380.25 323.25
0 343.0 625.75 388.0 638.25
0 350.25 290.5 377.75 332.5
0 371.0 254.50000000000003 428.00000000000006 332.5
0 373.5 547.25 436.5 638.75
0 406.125 562.0 484.875 639.0
0 418.25 286.0 455.75 341.0
0 421.875 237.99999999999997 475.125 310.0
0 434.25000000000006 348.24999999999994 579.75 499.75
0 540.25 508.87499999999994 613.75 594.125
0 588.75 588.25 639.25 638.75
0 606.5 523.75 639.5 605.25
