0 528.0 392.5 584.0 457.5
0 0.0 218.49999999999997 11.0 259.5
0 0.0 162.25 32.0 188.75
0 0.0 230.0 50.0 295.0
0 0.0 272.5 127.0 379.5
0 0.8749999999999991 184.00000000000003 34.125 203.0
0 10.999999999999996 413.125 191.0 547.875
0 29.499999999999996 149.00000000000003 77.5 203.0
0 52.875 619.75 103.125 638.25
0 77.875 554.25 152.125 631.75
0 85.75 224.50000000000003 124.25 272.5
0 104.875 579.0 182.125 639.0
0 119.125 174.125 169.875 231.875
0 125.0 211.5 176.0 277.5
0 169.0 219.75 209.0 270.25
0 171.75 592.0 238.25 639.0
0 176.0 270.5 216.0 349.5
0 177.0 107.99999999999999 189.00000000000003 126.0
0 185.0 118.0 196.0 137.0
0 201.0 284.5 264.0 362.5
0 214.25 206.50000000000003 256.75 249.5
0 216.0 232.875 276.0 307.125
0 233.49999999999997 118.75 245.5 140.25
0 242.25 136.0 253.75 155.0
0 259.0 293.0 315.0 358.0
0 267.25 416.75000000000006 424.75 575.25
0 269.75 246.0 319.25 311.0
0 273.5 183.75 300.5 234.24999999999997
0 313.5 503.24999999999994 377.5 577.75
0 329.75 242.75 380.25 323.25
0 343.0 625.5 388.0 638.5
0 350.25 290.5 377.75 332.5
0 371.0 254.50000000000003 428.00000000000006 332.5
0 373.75 547.125 436.25 638.875
0 406.25 562.0 484.74999999999994 639.0
0 418.25 286.0 455.75 341.0
0 421.875 237.99999999999997 475.125 310.0
0 434.25000000000006 348.24999999999994 579.75 499.75
0 540.5 508.75 613.5 594.25
0 588.75 588.25 639.25 638.75
0 606.25 523.875 639.75 605.125
