3 23.75 479.25 43.25 513.75
3 41.0 548.0 63.00000000000001 592.0
3 75.25 508.5 90.75000000000001 549.5
3 75.12500000000001 90.5 100.875 146.5
3 95.5 410.50000000000006 112.5 446.5
3 100.25 552.25 115.75000000000001 577.75
3 117.75 318.25 134.25 375.75
3 154.25 36.0 169.74999999999997 81.0
3 186.0 125.0 204.0 161.0
3 199.125 8.249999999999996 215.875 37.75
3 223.875 7.125000000000002 236.125 41.875
3 257.125 131.0 272.875 171.0
3 415.75 151.5 449.25 198.5
3 450.0 129.75 479.00000000000006 204.25
3 450.25000000000006 62.49999999999999 483.75 121.49999999999999
3 471.99999999999994 215.49999999999997 499.0 282.5
3 479.75 180.875 510.25 218.125
3 483.5 90.5 506.5 151.5
3 492.5 120.75 530.5 186.25
3 506.12500000000006 185.875 532.875 228.125
