3 23.875 479.125 43.125 513.875
3 41.0 548.0 63.00000000000001 592.0
3 75.12500000000001 508.24999999999994 90.875 549.75
3 75.12500000000001 90.5 100.875 146.5
3 95.5 410.50000000000006 112.5 446.5
3 100.25 552.25 115.75000000000001 577.75
3 117.75 318.25 134.25 375.75
3 154.125 36.0 169.875 81.0
3 186.0 125.0 204.0 161.0
3 199.25 8.499999999999998 215.75 37.5
3 223.875 7.125000000000002 236.125 41.875
3 257.25 131.0 272.75 171.0
3 415.875 151.75 449.125 198.25
3 450.0 129.75 479.00000000000006 204.25
3 450.125 62.25 483.875 121.74999999999999
3 471.99999999999994 215.49999999999997 499.0 282.5
3 479.5 180.75 510.5 218.25
3 483.75 90.24999999999999 506.25 151.75
3 492.5 120.75 530.5 186.25
3 506.25 185.75 532.75 228.25
