3 92.0 152.0 158.0 212.0
3 93.0 210.0 147.0 267.0
3 123.99999999999999 240.99999999999997 199.0 288.0
3 172.0 144.00000000000003 238.0 203.0
3 182.0 31.999999999999996 266.0 90.0
3 197.99999999999997 175.0 325.0 309.0
3 215.0 61.00000000000001 335.0 182.0
3 244.0 439.00000000000006 362.0 565.0
3 361.0 166.0 403.00000000000006 229.0
3 376.0 223.0 508.00000000000006 348.0
3 378.0 97.0 450.0 178.0
3 385.99999999999994 584.0 500.0 607.0
3 412.0 178.0 463.0 233.0
3 515.0 192.00000000000003 603.0 309.0
3 541.0 448.00000000000006 620.0 601.0
