3 75.75 124.0 168.25 222.00000000000003
3 123.87500000000001 461.5 197.12500000000003 519.5
3 128.0 70.00000000000001 188.0 131.0
3 131.0 186.75 235.0 245.25000000000003
3 190.87500000000003 461.12500000000006 230.125 497.875
3 200.12500000000003 500.875 221.875 520.125
3 207.99999999999997 173.5 285.0 268.5
3 225.125 461.75000000000006 318.875 520.25
3 269.25 172.5 380.75 245.49999999999997
3 291.75 93.0 370.25 167.0
3 327.24999999999994 466.50000000000006 428.75 532.5
3 356.99999999999994 125.75 404.0 203.25
3 418.0 51.00000000000001 473.0 107.0
3 429.00000000000006 474.0 480.0 514.0
3 432.25 106.125 485.74999999999994 155.875
3 452.75 173.49999999999997 535.25 259.5
3 468.125 84.0 527.875 137.0
3 475.99999999999994 476.875 565.0 516.125
3 493.125 119.875 566.875 235.125
3 562.0 175.75000000000003 639.0 266.25
