3 75.49999999999999 124.0 168.5 222.00000000000003
3 123.87500000000001 461.5 197.12500000000003 519.5
3 128.0 70.00000000000001 188.0 131.0
3 131.0 186.875 235.0 245.12500000000003
3 190.75 461.25 230.25000000000003 497.75000000000006
3 200.25000000000003 500.74999999999994 221.75 520.25
3 207.99999999999997 173.5 285.0 268.5
3 225.125 461.75000000000006 318.875 520.25
3 269.125 172.24999999999997 380.875 245.75
3 291.5 93.0 370.50000000000006 167.0
3 327.24999999999994 466.50000000000006 428.75 532.5
3 356.99999999999994 125.87499999999999 404.0 203.125
3 418.0 51.00000000000001 473.0 107.0
3 429.00000000000006 474.0 480.0 514.0
3 432.5 106.25 485.5 155.75
3 452.75 173.49999999999997 535.25 259.5
3 468.24999999999994 84.0 527.75 137.0
3 475.99999999999994 476.875 565.0 516.125
3 493.25 119.75 566.75 235.25
3 562.0 175.75000000000003 639.0 266.25
