3 19.25 268.0 36.75 288.0
3 45.75 108.0 60.24999999999999 125.0
3 56.99999999999999 171.25 80.0 185.75000000000003
3 65.5 185.75 75.5 209.25
3 65.5 132.5 76.5 152.5
3 73.25 178.0 98.75 199.00000000000003
3 79.0 124.75000000000001 89.0 136.25
3 178.75 232.5 203.25000000000003 252.5
3 179.75 107.99999999999999 206.25 129.0
3 185.75000000000003 168.0 206.25 199.00000000000003
3 202.99999999999997 169.00000000000003 225.0 188.0
3 206.25 185.75 221.74999999999997 205.25000000000003
3 219.75 112.75 236.25 135.25
3 220.0 225.5 252.99999999999997 265.5
3 241.75 112.5 259.25 136.5
3 279.0 192.5 303.0 212.5
3 312.75 209.50000000000003 335.25 232.5
3 335.0 175.25 352.0 192.75
3 348.25 442.5 365.75 460.5
