2 0.0 231.875 65.0 466.125
2 95.0 255.49999999999997 141.0 555.5
2 157.75 78.87500000000003 216.25 570.125
2 217.5 238.49999999999997 222.5 250.5
2 234.5 222.75000000000003 239.5 234.25
2 240.25000000000003 229.5 246.75 239.5
2 242.5 85.99999999999997 317.5 472.0
2 320.5 298.5 355.5 456.5
2 339.5 231.0 347.5 245.0
2 356.99999999999994 263.0 364.0 273.0
2 361.75 375.5 366.25 385.5
2 365.74999999999994 257.75 370.25 264.25
2 366.50000000000006 379.5 372.5 389.5
2 367.125 405.875 370.875 417.125
2 369.0 399.0 374.0 409.0
2 383.0 323.49999999999994 410.0 507.5
2 450.25 211.25 580.75 623.75
2 561.125 139.5 639.875 555.5
2 620.0 99.50000000000001 631.0 121.5
2 623.0 126.0 634.0 148.0
2 630.5 95.25 639.5 115.75000000000001
2 633.25 137.75 639.75 161.25
2 635.5 116.0 639.5 129.0
