2 0.12499999999999956 284.125 33.875 342.875
2 83.0 261.125 118.0 332.875
2 178.5 418.75 201.5 465.25000000000006
2 187.87499999999997 306.125 256.125 394.875
2 214.24999999999997 437.12500000000006 243.75 491.875
2 248.5 421.0 278.5 454.0
2 250.125 112.25 280.875 169.75
2 252.24999999999997 15.250000000000004 271.75 63.75
2 290.0 39.5 323.0 72.5
2 397.5 184.00000000000003 450.5 237.0
2 456.75000000000006 123.5 492.25 166.5
2 506.5 97.25000000000001 530.5 143.75
2 542.0 254.12499999999997 589.0 303.875
2 548.875 71.5 574.125 103.5
2 559.5 197.25 576.5 237.75
2 594.125 56.125 619.875 105.87499999999999
2 609.125 206.0 639.875 271.0
