2 0.12499999999999956 284.125 33.875 342.875
2 83.0 261.125 118.0 332.875
2 178.5 418.75 201.5 465.25000000000006
2 187.75 306.24999999999994 256.25 394.74999999999994
2 214.24999999999997 437.12500000000006 243.75 491.875
2 248.5 421.0 278.5 454.0
2 250.25000000000003 112.5 280.75 169.5
2 252.24999999999997 15.250000000000004 271.75 63.75
2 290.0 39.75 323.0 72.25
2 397.75 184.00000000000003 450.25 237.0
2 456.75000000000006 123.5 492.25 166.5
2 506.5 97.125 530.5 143.875
2 542.0 254.24999999999997 589.0 303.75
2 548.875 71.5 574.125 103.5
2 559.75 197.125 576.25 237.875
2 594.125 56.125 619.875 105.87499999999999
2 609.25 206.0 639.75 271.0
