2 0.2499999999999991 284.25 33.75 342.75
2 83.0 261.25 118.0 332.75
2 178.25 418.875 201.75 465.125
2 187.75 306.24999999999994 256.25 394.74999999999994
2 214.24999999999997 437.12500000000006 243.75 491.875
2 248.5 421.0 278.5 454.0
2 250.125 112.25 280.875 169.75
2 252.125 15.125000000000002 271.875 63.875
2 290.0 39.75 323.0 72.25
2 397.75 184.00000000000003 450.25 237.0
2 456.875 123.75 492.12500000000006 166.25
2 506.5 97.25000000000001 530.5 143.75
2 542.0 254.24999999999997 589.0 303.75
2 548.75 71.5 574.25 103.5
2 559.75 197.125 576.25 237.875
2 594.125 56.125 619.875 105.87499999999999
2 609.25 206.0 639.75 271.0
