3 119.25 213.5 180.75 312.5
3 126.74999999999999 294.0 216.25 408.00000000000006
3 154.25 116.00000000000001 204.74999999999997 211.0
3 175.87500000000003 200.125 221.125 327.875
3 185.0 92.5 239.0 206.5
3 193.75 369.125 284.25 482.875
3 216.12499999999997 284.0 311.875 400.0
3 217.75 24.750000000000007 321.25 173.25
3 224.0 170.12500000000003 327.0 281.875
3 285.875 342.125 379.125 469.87500000000006
3 302.0 71.75 393.0 200.25
3 306.5 197.0 399.49999999999994 311.0
3 357.0 278.25 455.0 391.75
3 372.75 102.5 433.24999999999994 223.5
3 394.25 206.75 471.75 305.25
