3 119.125 213.75 180.875 312.25
3 126.87499999999999 294.0 216.12499999999997 408.00000000000006
3 154.125 116.00000000000001 204.875 211.0
3 175.75000000000003 200.25 221.25 327.75
3 185.0 92.5 239.0 206.5
3 193.75 369.125 284.25 482.875
3 216.25 284.0 311.75 400.0
3 217.875 24.875000000000007 321.125 173.125
3 224.0 170.12500000000003 327.0 281.875
3 285.75 342.25 379.25 469.75
3 302.0 71.5 393.0 200.5
3 306.5 197.0 399.49999999999994 311.0
3 357.0 278.25 455.0 391.75
3 372.75 102.5 433.24999999999994 223.5
3 394.25 206.75 471.75 305.25
