2 0.0 256.0 36.0 305.0
2 36.25 271.5 83.75 335.50000000000006
2 40.50000000000001 583.0 77.5 616.0
2 73.25000000000001 423.0 202.75 520.0
2 73.99999999999999 254.24999999999997 329.0 393.75
2 85.75 581.75 178.25 639.25
2 122.5 0.2499999999999991 162.5 38.75
2 137.5 195.5 151.5 215.5
2 147.0 186.50000000000003 160.0 204.5
2 161.75 198.0 174.25 217.0
2 161.75 517.75 174.25 539.25
2 166.50000000000003 502.25 175.5 517.75
2 168.49999999999997 488.25 179.5 505.75
2 169.25 9.749999999999996 225.75 76.25
2 185.0 84.5 225.0 150.5
2 189.5 97.75 349.5 218.25000000000003
2 220.5 617.75 263.5 639.25
2 296.25 351.99999999999994 351.75 441.0
2 367.5 268.75 400.5 321.25
2 369.00000000000006 428.75 415.0 528.25
2 383.5 99.0 396.5 117.00000000000001
2 389.00000000000006 114.75 400.0 138.25
2 433.0 31.750000000000004 442.0 47.25000000000001
2 439.0 0.2499999999999991 501.99999999999994 79.75
2 488.0 128.25 558.0 215.75
2 539.5 0.24999999999999467 636.5 90.75
2 562.25 134.25 639.75 252.75000000000003
2 584.25 297.75 639.75 355.25
2 600.5 458.25 639.5 506.75
2 626.25 584.25 637.75 596.75
2 627.0 622.5 638.0 634.5
2 628.25 600.0 635.75 611.0
