3 63.00000000000001 391.875 100.0 443.125
3 73.75 303.75 118.25 369.25
3 83.87500000000001 223.0 117.125 286.0
3 94.75 362.25 120.25 407.75
3 97.5 418.5 142.5 466.5
3 108.25 210.5 141.75 254.5
3 107.74999999999999 278.0 146.25 325.0
3 122.875 336.25 161.125 385.75
3 135.25 252.5 173.75 310.5
3 137.875 377.875 186.125 437.125
3 147.125 443.0 176.875 458.0
3 156.25 285.875 199.75 348.125
3 161.0 204.12499999999997 204.0 269.875
3 169.00000000000003 334.00000000000006 208.0 400.0
3 176.0 406.5 214.0 465.50000000000006
3 196.50000000000003 443.00000000000006 230.5 459.0
3 200.87500000000003 319.0 225.125 374.0
3 201.75 215.75 238.25 284.25
3 209.0 282.125 240.0 339.87500000000006
3 212.5 396.5 259.5 450.50000000000006
3 223.0 337.5 272.0 396.50000000000006
3 238.49999999999997 441.0 275.5 463.00000000000006
3 242.5 274.5 274.5 337.5
3 245.0 210.99999999999997 290.0 277.0
3 254.875 380.5 299.125 454.5
3 274.5 322.5 312.5 376.50000000000006
3 275.125 174.875 304.875 234.12499999999997
3 282.875 277.0 306.125 314.0
3 299.0 282.25 346.0 337.75
3 300.0 219.125 339.0 291.875
3 304.0 355.87500000000006 346.99999999999994 418.125
3 304.75 414.74999999999994 349.25000000000006 466.25
3 316.5 318.75 351.5 358.25
3 386.0 373.00000000000006 408.00000000000006 421.0
3 386.0 307.875 416.99999999999994 370.12499999999994
3 393.5 422.0 414.49999999999994 492.0
3 393.75 184.875 432.24999999999994 254.12499999999997
3 395.0 252.12500000000003 435.0 324.87500000000006
3 415.75 354.0 454.25 411.0
3 415.74999999999994 415.0 457.25 489.00000000000006
3 429.5 295.125 469.5 361.875
3 442.75 237.5 477.25 284.5
3 455.0 425.74999999999994 500.99999999999994 485.25
3 459.0 267.125 489.0 332.875
3 466.99999999999994 214.24999999999997 499.0 258.75
3 485.75 302.49999999999994 524.25 368.49999999999994
3 490.75 244.0 516.25 299.0
3 496.0 424.25 514.0 483.75
3 498.5 359.49999999999994 525.5 398.5
3 511.875 392.5 535.125 446.50000000000006
3 513.0 185.0 550.0 245.0
3 515.75 267.25 545.25 324.75
3 522.75 425.74999999999994 563.25 477.25
3 531.0 324.87500000000006 560.0 369.125
3 543.5 376.5 572.5 418.5
3 552.5 221.75 584.5 262.25
3 555.875 262.25 600.125 317.75
3 564.875 310.25 609.125 365.74999999999994
3 568.0 431.99999999999994 595.0 476.0
3 570.5 350.5 611.5 420.5
3 590.25 444.25000000000006 639.75 499.75
3 604.0 311.5 621.0 359.49999999999994
3 604.5 413.75 639.5 443.25
3 609.125 373.0 629.875 410.0
