3 142.5 585.0 188.5 639.0
3 158.75 529.5 211.25 603.5
3 182.0 459.5 230.99999999999997 540.5
3 188.25000000000003 573.5 233.75 639.5
3 203.125 410.125 255.875 481.875
3 204.0 525.75 255.0 602.25
3 227.5 348.5 269.5 418.5
3 227.5 465.25000000000006 274.5 543.75
3 235.75 588.5 274.25 639.5
3 245.0 288.125 290.0 359.875
3 250.12500000000003 406.875 301.875 476.125
3 252.24999999999997 517.0 301.75 592.0
3 255.75000000000003 225.0 316.25 299.0
3 270.25 346.99999999999994 317.75 421.0
3 277.5 591.75 318.5 639.25
3 279.5 462.75 323.5 540.25
3 280.5 167.25 334.5 244.75
3 299.125 285.875 340.875 354.125
3 300.125 399.87500000000006 341.875 477.125
3 301.75 525.5 350.25 603.5
3 303.875 97.5 356.125 173.5
3 309.5 219.5 365.5 295.5
3 322.0 344.5 363.0 399.5
3 324.25 465.5 368.75 535.5
3 329.74999999999994 595.5 371.25 639.5
3 332.0 40.75 378.0 104.25
3 333.75 156.0 378.25 226.0
3 340.25 296.5 361.75000000000006 344.49999999999994
3 344.0 0.0 391.0 42.0
3 344.25 403.75 393.75 470.25000000000006
3 346.25 524.0 397.75000000000006 592.0
3 355.74999999999994 103.125 402.25 163.875
3 368.0 26.875 417.0 104.125
3 375.12499999999994 454.12499999999994 415.875 531.875
3 375.74999999999994 577.5 420.25 639.5
3 381.0 147.49999999999997 426.99999999999994 215.49999999999997
3 387.5 0.25000000000000133 442.5 30.75
3 395.5 410.0 444.5 470.0
3 396.25 97.5 447.75000000000006 151.5
3 397.75 510.74999999999994 445.25 595.25
3 419.5 23.124999999999996 469.5 88.875
3 428.125 461.875 469.875 528.125
3 432.0 151.25 477.0 217.75
3 444.00000000000006 402.75 495.0 462.25
3 444.12499999999994 73.875 491.875 151.125
3 445.0 0.0 492.0 42.0
3 477.25 25.5 525.75 99.5
3 477.125 138.0 533.875 212.0
3 501.75000000000006 258.875 532.25 337.125
3 504.0 343.24999999999994 518.0 399.75
3 509.25000000000006 200.75 557.75 267.25
3 521.125 14.874999999999998 579.875 92.12499999999999
3 531.0 137.0 577.0 212.0
3 555.75 85.75000000000001 612.25 160.25000000000003
3 580.5 19.749999999999996 639.5 97.25
