3 142.5 585.0 188.5 639.0
3 158.875 529.5 211.125 603.5
3 182.0 459.75 230.99999999999997 540.25
3 188.5 573.5 233.5 639.5
3 203.25 410.25 255.75 481.75000000000006
3 204.0 525.5 255.0 602.5
3 227.5 348.5 269.5 418.5
3 227.75000000000003 465.125 274.25 543.875
3 235.75 588.5 274.25 639.5
3 245.0 288.125 290.0 359.875
3 250.12500000000003 406.875 301.875 476.125
3 252.24999999999997 517.0 301.75 592.0
3 255.75000000000003 225.0 316.25 299.0
3 270.5 346.99999999999994 317.5 421.0
3 277.75 591.875 318.25 639.125
3 279.5 462.875 323.5 540.125
3 280.5 167.25 334.5 244.75
3 299.25 285.75 340.75 354.25
3 300.25 399.75 341.75000000000006 477.25
3 301.75 525.5 350.25 603.5
3 303.875 97.5 356.125 173.5
3 309.5 219.5 365.5 295.5
3 322.0 344.5 363.0 399.5
3 324.25 465.5 368.75 535.5
3 329.875 595.5 371.125 639.5
3 332.0 40.875 378.0 104.125
3 333.75 156.0 378.25 226.0
3 340.25 296.5 361.75000000000006 344.49999999999994
3 344.0 0.0 391.0 42.0
3 344.25 403.75 393.75 470.25000000000006
3 346.12500000000006 524.0 397.875 592.0
3 355.5 103.25 402.5 163.75
3 368.0 26.875 417.0 104.125
3 375.12499999999994 454.12499999999994 415.875 531.875
3 375.875 577.5 420.12499999999994 639.5
3 381.0 147.49999999999997 426.99999999999994 215.49999999999997
3 387.5 0.25000000000000133 442.5 30.75
3 395.75 410.0 444.25 470.0
3 396.25 97.5 447.75000000000006 151.5
3 397.875 510.875 445.12499999999994 595.125
3 419.5 23.249999999999996 469.5 88.75
3 428.125 461.875 469.875 528.125
3 432.0 151.25 477.0 217.75
3 444.00000000000006 402.75 495.0 462.25
3 444.25 73.75 491.75 151.25
3 445.0 0.0 492.0 42.0
3 477.125 25.5 525.875 99.5
3 477.125 138.0 533.875 212.0
3 501.50000000000006 258.75 532.5 337.25
3 504.0 343.125 518.0 399.875
3 509.25000000000006 200.75 557.75 267.25
3 521.125 14.874999999999998 579.875 92.12499999999999
3 531.0 137.0 577.0 212.0
3 555.5 85.5 612.5 160.5
3 580.25 19.875 639.75 97.12499999999999
