3 142.5 585.0 188.5 639.0
3 158.875 529.5 211.125 603.5
3 182.0 459.75 230.99999999999997 540.25
3 188.5 573.5 233.5 639.5
3 203.125 410.125 255.875 481.875
3 204.0 525.75 255.0 602.25
3 227.5 348.5 269.5 418.5
3 227.5 465.25000000000006 274.5 543.75
3 235.75 588.5 274.25 639.5
3 245.0 288.25 290.0 359.75
3 250.25000000000003 406.75 301.75 476.25
3 252.24999999999997 517.0 301.75 592.0
3 255.75000000000003 225.0 316.25 299.0
3 270.5 346.99999999999994 317.5 421.0
3 277.5 591.75 318.5 639.25
3 279.5 462.875 323.5 540.125
3 280.5 167.25 334.5 244.75
3 299.125 285.875 340.875 354.125
3 300.25 399.75 341.75000000000006 477.25
3 301.75 525.5 350.25 603.5
3 303.75 97.5 356.25 173.5
3 309.5 219.5 365.5 295.5
3 322.0 344.5 363.0 399.5
3 324.125 465.5 368.87499999999994 535.5
3 329.875 595.5 371.125 639.5
3 332.0 40.875 378.0 104.125
3 333.5 156.0 378.5 226.0
3 340.25 296.5 361.75000000000006 344.49999999999994
3 344.0 0.0 391.0 42.0
3 344.125 403.875 393.87499999999994 470.125
3 346.25 524.0 397.75000000000006 592.0
3 355.5 103.25 402.5 163.75
3 368.0 26.875 417.0 104.125
3 375.25 454.25 415.74999999999994 531.75
3 375.875 577.5 420.12499999999994 639.5
3 381.0 147.49999999999997 426.99999999999994 215.49999999999997
3 387.5 0.25000000000000133 442.5 30.75
3 395.75 410.0 444.25 470.0
3 396.25 97.5 447.75000000000006 151.5
3 397.875 510.875 445.12499999999994 595.125
3 419.5 23.124999999999996 469.5 88.875
3 428.125 461.875 469.875 528.125
3 432.0 151.125 477.0 217.87499999999997
3 444.00000000000006 402.875 495.0 462.125
3 444.25 73.75 491.75 151.25
3 445.0 0.0 492.0 42.0
3 477.25 25.5 525.75 99.5
3 477.125 138.0 533.875 212.0
3 501.50000000000006 258.75 532.5 337.25
3 504.0 343.125 518.0 399.875
3 509.125 200.875 557.875 267.125
3 521.25 14.749999999999996 579.75 92.25
3 531.0 137.0 577.0 212.0
3 555.75 85.75000000000001 612.25 160.25000000000003
3 580.5 19.749999999999996 639.5 97.25
