0 0.0 554.0 7.0 577.0
0 0.0 499.0 12.0 534.0
0 0.5000000000000004 452.25 26.500000000000004 485.74999999999994
0 0.2499999999999991 484.49999999999994 28.75 523.5
0 1.4999999999999996 529.5 10.5 557.5
0 11.750000000000004 436.50000000000006 37.25 462.5
0 12.749999999999995 548.0 98.25 607.0
0 24.25 474.5 47.75 507.5
0 24.5 454.25 43.5 465.75
0 28.0 430.99999999999994 38.0 440.0
0 29.000000000000004 432.25 40.0 456.75000000000006
0 30.500000000000004 524.5 48.50000000000001 544.5
0 37.25000000000001 426.25 60.75 456.75
0 39.5 516.75 60.5 529.25
0 44.75 565.75 74.25 604.25
0 45.50000000000001 528.0 72.5 554.0
0 59.0 518.0 82.0 549.0
0 63.24999999999999 444.49999999999994 73.75 466.5
0 72.75 475.0 85.25 495.0
0 78.74999999999999 450.25 95.24999999999999 467.75
0 84.25 434.75 95.75 458.24999999999994
0 84.50000000000001 460.25 101.5 489.75
0 90.25 496.50000000000006 159.75 572.5
0 91.49999999999999 437.0 102.5 458.0
0 120.25 578.0 145.75 616.0
0 126.75 567.5 148.25 588.5
0 136.75 586.5 163.25 623.5
0 148.25 571.75 172.75000000000003 601.25
0 162.5 577.5 191.5 616.5
0 175.0 551.25 199.0 581.75
0 185.25 539.75 204.75 557.25
0 200.0 548.25 221.0 580.75
0 204.25 538.25 215.75 546.75
0 205.99999999999997 533.0 217.0 547.0
0 217.00000000000003 538.5 235.0 572.5
0 261.5 510.75 323.5 561.25
0 295.25 475.75 310.75 506.25
0 298.25 459.25 317.75 483.75
0 304.25 491.25 319.75 509.74999999999994
0 311.5 477.0 332.5 490.0
0 314.0 475.0 331.0 505.0
0 318.0 538.0 342.0 565.0
0 330.25 525.75 349.75 556.25
0 367.25 481.0 422.75 514.0
0 380.50000000000006 545.0 401.5 573.0
0 406.5 557.25 430.50000000000006 587.75
0 412.5 549.75 426.50000000000006 558.25
0 430.25 558.5 450.74999999999994 586.5
0 430.50000000000006 477.5 451.5 504.5
0 430.5 544.25 452.5 567.75
0 432.0 488.0 455.0 520.0
0 453.0 480.0 473.0 514.0
0 465.5 490.75 487.5 521.25
0 502.5 519.75 525.5 552.25
0 502.25 504.25 527.75 533.75
0 524.0 525.5 549.0 553.5
0 527.75 504.5 548.25 525.5
0 541.75 514.0 562.25 550.0
0 583.5 535.0 596.5 551.0
0 584.5 499.49999999999994 639.5 573.5
0 592.5 543.25 615.5 575.75
0 596.25 619.5 619.75 639.5
0 600.0 527.75 621.0 543.25
0 613.25 507.75000000000006 629.75 531.25
0 613.0 542.25 631.0 572.75
0 622.5 614.75 639.5 639.25
0 623.25 533.75 639.75 564.25
0 624.0 511.75 637.0 536.25
0 624.25 501.99999999999994 639.75 514.0
0 632.25 572.5 639.75 601.5
0 634.5 585.25 639.5 614.75
0 636.25 516.5 639.75 537.5
