2 95.0 510.87500000000006 111.00000000000001 528.125
2 98.25 215.0 175.75 326.0
2 99.875 498.00000000000006 110.125 506.0
2 103.99999999999999 531.5 115.0 553.5
2 103.99999999999999 313.25 299.0 511.75
2 131.75 488.75 146.25 506.25
2 148.0 192.99999999999997 236.0 296.0
2 289.0 515.25 337.0 601.75
2 303.0 487.5 315.0 502.5
2 318.25 497.0 331.75 512.0
2 329.49999999999994 480.5 338.5 495.5
2 333.0 480.25 392.0 525.75
2 438.125 381.125 500.87500000000006 428.875
2 463.0 433.0 608.0 545.0
2 501.75000000000006 205.75 602.25 272.25
