2 95.0 510.75 111.00000000000001 528.25
2 98.25 215.0 175.75 326.0
2 99.875 498.00000000000006 110.125 506.0
2 103.99999999999999 531.5 115.0 553.5
2 103.99999999999999 313.125 299.0 511.875
2 131.875 488.875 146.125 506.125
2 148.0 192.99999999999997 236.0 296.0
2 289.0 515.125 337.0 601.875
2 303.0 487.5 315.0 502.5
2 318.125 497.0 331.875 512.0
2 329.75 480.25 338.24999999999994 495.74999999999994
2 333.0 480.25 392.0 525.75
2 438.25 381.25 500.75 428.75
2 463.0 433.0 608.0 545.0
2 501.50000000000006 205.49999999999997 602.5 272.5
