3 455.25000000000006 331.0 578.75 501.0
3 20.5 280.5 100.5 324.5
3 24.125 317.125 100.875 416.875
3 87.99999999999999 311.75 160.99999999999997 406.25
3 88.5 233.75 140.5 284.25
3 103.75 337.125 160.25 435.875
3 108.875 240.87500000000003 146.125 295.125
3 116.0 280.5 158.0 317.5
3 130.75 368.75 216.25 498.25
3 168.125 248.125 257.875 357.875
3 198.5 341.25 297.5 472.75000000000006
3 201.125 453.75 310.875 568.25
3 220.0 293.75000000000006 300.0 370.25000000000006
3 268.75 223.25 332.25 309.75
3 288.0 442.5 358.0 542.5
3 313.12500000000006 248.125 365.87500000000006 309.875
3 337.25 138.0 424.75 253.0
3 365.5 234.75 460.5 365.25
3 392.5 427.5 459.5 494.5
3 407.87499999999994 185.99999999999997 463.125 252.0
3 425.12499999999994 355.875 480.875 416.12500000000006
3 435.75 480.0 528.25 594.0
3 462.25 229.87499999999997 557.75 328.125
3 465.74999999999994 157.5 555.25 248.5
3 535.0 493.875 635.0 611.125
3 554.25 101.25 634.75 233.75
3 561.875 333.87499999999994 614.125 417.125
3 564.25 219.875 639.75 376.125
3 586.75 363.0 639.25 502.0
