3 455.125 331.0 578.875 501.0
3 20.5 280.5 100.5 324.5
3 24.25 317.25 100.75 416.75000000000006
3 87.99999999999999 311.75 160.99999999999997 406.25
3 88.5 233.75 140.5 284.25
3 103.5 337.25 160.5 435.74999999999994
3 108.75 240.75 146.25 295.25
3 116.0 280.25 158.0 317.75
3 130.87500000000003 368.875 216.125 498.125
3 168.125 248.125 257.875 357.875
3 198.5 341.25 297.5 472.75000000000006
3 201.125 453.75 310.875 568.25
3 220.0 293.75000000000006 300.0 370.25000000000006
3 268.875 223.125 332.125 309.875
3 288.0 442.5 358.0 542.5
3 313.12500000000006 248.125 365.87500000000006 309.875
3 337.125 138.0 424.87500000000006 253.0
3 365.5 234.75 460.5 365.25
3 392.5 427.5 459.5 494.5
3 407.75 185.99999999999997 463.24999999999994 252.0
3 425.12499999999994 355.875 480.875 416.12500000000006
3 435.87500000000006 480.0 528.125 594.0
3 462.5 229.74999999999997 557.5 328.24999999999994
3 465.875 157.75 555.125 248.25000000000003
3 535.0 493.875 635.0 611.125
3 554.125 101.125 634.875 233.875
3 561.75 333.75 614.25 417.24999999999994
3 564.25 219.875 639.75 376.125
3 586.875 363.0 639.125 502.0
