3 0.0 236.0 134.0 411.0
3 4.249999999999998 138.5 127.74999999999999 256.5
3 104.875 87.87500000000001 203.125 160.125
3 117.00000000000001 294.87500000000006 294.0 514.125
3 121.875 149.00000000000003 238.125 273.0
3 189.75 80.0 242.25 136.0
3 190.5 102.0 231.50000000000003 167.0
3 220.25 83.50000000000001 318.75 187.5
3 242.25 173.25000000000003 368.75 327.75
3 243.0 35.24999999999999 311.0 96.75
3 317.75 341.875 506.25 624.125
3 321.0 121.00000000000001 431.99999999999994 236.0
3 327.0 38.875 410.0 102.125
3 373.875 214.0 550.125 426.0
3 385.0 81.125 480.99999999999994 193.875
3 420.125 42.0 503.875 133.0
3 469.0 149.99999999999997 593.0 288.0
3 501.5 96.74999999999999 614.5 207.25
3 506.50000000000006 57.25000000000001 612.5 118.75
