4 0.0 497.5 36.0 543.5
4 0.0 415.0 148.0 510.99999999999994
4 0.24999999999999467 523.5 155.75 639.5
4 23.499999999999996 107.5 210.49999999999997 187.5
4 80.25 476.75 279.75 588.25
4 86.49999999999999 41.0 267.5 133.0
4 95.49999999999999 598.75 267.5 639.25
4 122.25000000000001 173.75 299.75 252.25
4 213.25 549.0 414.74999999999994 639.0
4 217.5 110.75 406.5 202.25
4 247.49999999999997 21.25 423.49999999999994 102.75
4 304.0 181.75 486.99999999999994 257.25
4 394.74999999999994 49.0 573.25 139.0
4 419.0 116.5 609.0 208.5
