2 0.0 286.24999999999994 33.0 354.74999999999994
2 23.0 192.125 54.0 262.875
2 43.75 259.0 94.25 364.0
2 62.87500000000001 183.875 108.125 227.12500000000003
2 97.875 275.875 131.125 357.125
2 200.0 252.0 287.0 445.99999999999994
2 263.00000000000006 280.75 431.0 419.25
2 283.75 181.74999999999997 316.25 206.25
2 402.25 426.875 441.75000000000006 473.125
2 500.12499999999994 361.99999999999994 557.875 451.0
2 512.875 287.0 553.125 351.0
2 555.75 291.99999999999994 610.25 409.0
2 627.25 300.5 634.75 309.5
2 627.25 295.5 639.75 330.5
2 632.25 306.125 639.75 313.875
2 635.0 316.5 638.0 322.5
2 636.5 324.74999999999994 639.5 331.25
