2 0.0 286.125 33.0 354.875
2 23.0 192.25 54.0 262.75
2 43.875 259.0 94.12500000000001 364.0
2 62.75 183.75 108.25000000000001 227.25
2 97.74999999999999 275.75 131.25 357.25
2 200.0 252.0 287.0 445.99999999999994
2 263.00000000000006 280.875 431.0 419.125
2 283.875 181.875 316.125 206.12499999999997
2 402.25 426.875 441.75000000000006 473.125
2 500.12499999999994 361.99999999999994 557.875 451.0
2 512.75 287.0 553.25 351.0
2 555.875 291.99999999999994 610.125 409.0
2 627.25 300.5 634.75 309.5
2 627.125 295.75 639.875 330.25
2 632.25 306.125 639.75 313.875
2 635.0 316.5 638.0 322.5
2 636.5 324.74999999999994 639.5 331.25
