2 0.0 311.0 88.0 474.0
2 82.125 444.125 113.87500000000001 484.87500000000006
2 135.875 74.87499999999999 202.125 134.125
2 145.0 41.5 155.0 51.5
2 156.87500000000003 45.87499999999999 165.12500000000003 60.125
2 207.75000000000003 222.5 258.25 328.5
2 237.00000000000003 79.125 245.0 87.875
2 249.74999999999997 190.49999999999997 294.25 288.5
2 321.0 213.875 394.0 314.125
2 361.75 91.00000000000001 406.25 152.0
2 394.25 310.0 415.75 375.0
2 404.0 0.25000000000000355 493.00000000000006 48.75
2 455.125 64.0 469.875 87.0
2 470.25 89.125 485.74999999999994 113.87500000000001
2 472.0 72.875 483.0 90.12500000000001
2 485.12499999999994 240.0 497.875 250.0
2 499.0 235.75 513.0 255.25000000000003
2 534.5 293.5 639.5 509.5
2 559.75 203.875 582.25 240.125
