2 0.0 311.0 88.0 474.0
2 82.125 444.125 113.87500000000001 484.87500000000006
2 135.75 74.75 202.24999999999997 134.25
2 145.0 41.5 155.0 51.5
2 156.75 45.75 165.25000000000003 60.24999999999999
2 207.875 222.5 258.125 328.5
2 237.00000000000003 79.25 245.0 87.75
2 249.875 190.49999999999997 294.125 288.5
2 321.0 213.875 394.0 314.125
2 361.75 91.00000000000001 406.25 152.0
2 394.5 310.0 415.5 375.0
2 404.0 0.25000000000000355 493.00000000000006 48.75
2 455.125 64.0 469.875 87.0
2 470.5 89.25 485.5 113.75
2 472.0 72.875 483.0 90.12500000000001
2 485.12499999999994 240.0 497.875 250.0
2 499.0 235.75 513.0 255.25000000000003
2 534.25 293.5 639.75 509.5
2 559.5 203.75 582.5 240.25
