2 0.2499999999999991 308.75 71.75 514.25
2 31.500000000000004 403.75 71.5 515.25
2 142.25 390.75 189.75 529.25
2 174.00000000000003 297.5 273.0 479.5
2 231.50000000000003 510.74999999999994 255.5 555.25
2 270.75 266.0 389.25 466.0
2 412.0 258.5 527.0 462.5
2 527.75 255.25 544.25 308.75
2 530.5 323.75 585.5 459.25
2 561.75 257.75 587.25 289.25
2 563.75 268.0 569.25 278.0
2 573.5 269.25 577.5 276.75
2 573.5 257.75 581.5 269.25
2 584.25 431.75000000000006 612.75 475.25
2 612.75 390.74999999999994 639.25 467.25
