3 114.5 251.25 173.5 317.75
3 166.50000000000003 245.25000000000003 184.5 285.75
3 228.49999999999997 337.25 284.5 414.75
3 260.5 407.5 297.5 435.5
3 282.0 344.25000000000006 321.0 427.75
3 302.5 328.75 339.5 369.25
3 306.5 398.5 338.5 446.5
3 326.99999999999994 219.5 379.0 289.5
3 329.875 439.125 343.125 475.875
3 347.0 311.5 383.0 381.5
3 398.24999999999994 317.75 449.75 395.25
3 413.25 439.25 436.75 468.75
3 453.75 487.5 476.25 542.5
3 589.25 481.25 614.75 524.75
3 611.75 512.75 632.25 549.25
