2 57.0 125.75 83.0 171.25
2 180.0 324.75 217.99999999999997 409.25000000000006
2 207.0 102.87500000000001 230.99999999999997 133.125
2 281.125 150.00000000000003 345.875 257.0
2 300.0 307.125 387.0 436.875
2 302.125 310.0 345.875 433.0
2 353.75 307.75 380.25000000000006 436.25
2 369.75 285.5 377.25 299.5
2 388.25 233.75 421.75 321.25
2 407.125 347.0 437.875 437.0
2 451.99999999999994 325.12499999999994 479.0 370.875
2 460.74999999999994 324.25 467.25 335.75
2 463.25 338.00000000000006 471.75 351.0
2 470.5 329.25 479.5 341.75
2 492.5 164.24999999999997 529.5 249.75
2 493.0 204.25 520.0 246.75
2 542.0 89.0 548.0 102.99999999999999
2 547.75 93.75 554.25 106.25
2 552.875 91.74999999999999 559.125 100.25
