2 57.0 125.75 83.0 171.25
2 180.0 324.87500000000006 217.99999999999997 409.125
2 207.0 102.87500000000001 230.99999999999997 133.125
2 281.125 150.00000000000003 345.875 257.0
2 300.0 307.25 387.0 436.75000000000006
2 302.125 310.0 345.875 433.0
2 353.5 307.50000000000006 380.50000000000006 436.50000000000006
2 369.87500000000006 285.5 377.125 299.5
2 388.125 233.875 421.875 321.125
2 407.25 347.0 437.75 437.0
2 451.99999999999994 325.12499999999994 479.0 370.875
2 460.74999999999994 324.25 467.25 335.75
2 463.25 338.00000000000006 471.75 351.0
2 470.25 329.12499999999994 479.75 341.875
2 492.25 164.125 529.75 249.87499999999997
2 493.0 204.125 520.0 246.875
2 542.0 89.0 548.0 102.99999999999999
2 547.75 93.75 554.25 106.25
2 552.75 91.5 559.25 100.49999999999999
