3 0.0 41.25 33.0 130.75
3 0.2499999999999991 394.0 45.74999999999999 503.00000000000006
3 0.0 496.5 75.0 615.5
3 3.500000000000001 160.0 64.5 265.0
3 4.999999999999996 11.25 82.0 87.75
3 27.5 319.25 112.5 433.75
3 27.750000000000004 90.49999999999999 112.25 188.5
3 37.75 588.75 132.25 639.25
3 53.00000000000001 433.75 130.0 540.25
3 58.0 188.49999999999997 137.0 274.5
3 77.5 533.0 134.5 620.0
3 77.75 27.5 152.25 123.5
3 97.5 123.75 154.5 206.25
3 102.25000000000001 381.0 185.75 478.00000000000006
3 121.5 262.75 196.5 365.25
3 125.0 233.0 186.0 286.0
3 126.25000000000001 517.25 210.75000000000003 629.75
3 139.75 142.49999999999997 216.25 245.49999999999997
3 142.24999999999997 1.7499999999999982 205.75 71.25
3 149.0 60.750000000000014 224.0 150.25
3 168.5 423.5 255.49999999999997 526.5
3 185.99999999999997 312.25 258.0 414.75
3 192.0 556.75 250.99999999999997 638.25
3 194.5 212.24999999999997 263.5 305.75
3 212.99999999999997 17.0 285.0 103.0
3 216.0 0.0 281.0 15.0
3 217.0 113.25000000000001 283.0 208.75
3 246.50000000000003 522.75 315.5 612.25
3 251.25 613.5 320.75 639.5
3 258.25 418.24999999999994 325.75 519.75
3 261.0 182.25 330.0 264.75
3 262.5 262.75 335.5 365.25
3 263.5 90.5 322.5 162.5
3 273.5 11.500000000000004 327.5 86.5
3 352.25 589.75 409.75 639.25
3 353.0 467.5 437.0 586.5
3 354.75 153.75 422.25 266.25
3 356.99999999999994 11.25 419.0 99.75
3 358.00000000000006 342.0 439.0 438.0
3 378.24999999999994 89.75000000000001 469.75 193.25
3 398.75 240.0 481.25 354.0
3 404.25 0.0 478.75 103.0
3 414.5 421.25 494.5 503.75
3 415.0 606.5 523.0 639.5
3 426.5 198.75 469.49999999999994 238.25000000000003
3 431.5 514.25 513.5 621.75
3 444.00000000000006 0.25000000000000133 625.0 26.75
3 451.5 179.0 493.5 225.0
3 456.25 329.25 547.75 456.75
3 468.75 208.75 518.25 299.25
3 484.5 0.24999999999999467 560.5 90.75
3 494.25000000000006 245.5 592.75 344.5
3 499.25000000000006 437.0 592.75 557.0
3 507.0 573.5 603.0 638.5
3 511.75 149.25 591.25 252.75000000000003
3 524.0 504.25 606.0 593.75
3 534.25 48.0 617.75 169.0
3 541.5 337.5 610.5 436.50000000000006
3 586.25 245.25 639.75 373.75
3 590.25 176.74999999999997 630.75 256.25
3 593.0 421.25 631.0 509.74999999999994
3 597.5 582.5 639.5 639.5
3 601.25 486.5 639.75 573.5
3 613.5 367.25 639.5 414.75
3 620.5 420.0 639.5 483.0
