1 574.25 155.0 639.75 179.0
1 574.25 169.0 639.75 190.0
1 589.5 134.25 639.5 167.75
3 0.0 0.0 133.0 149.0
3 34.25 161.0 127.74999999999999 255.0
3 104.0 60.0 257.0 255.0
3 140.5 238.25 252.5 309.75
3 171.125 16.000000000000007 198.875 72.0
3 193.0 0.0 317.0 103.0
3 252.125 90.0 365.875 265.0
3 252.5 251.50000000000003 325.5 300.5
3 325.0 0.0 454.00000000000006 154.0
3 389.0 408.49999999999994 436.99999999999994 452.5
3 434.12499999999994 429.125 496.875 487.875
3 437.0 329.00000000000006 510.0 430.0
3 487.75 396.50000000000006 524.25 472.5
3 505.12499999999994 374.875 555.875 443.125
3 524.125 352.875 584.875 419.125
3 552.5 318.25 604.5 394.75
