3 0.0 568.75 19.0 588.25
3 29.25 415.25000000000006 46.75 438.75
3 51.5 342.0 76.5 368.0
3 89.0 441.75 109.0 461.25
3 89.87499999999999 202.12500000000003 112.125 248.875
3 111.125 191.875 136.875 241.12499999999997
3 112.00000000000001 151.125 144.0 184.875
3 131.875 478.125 144.125 504.875
3 149.0 484.875 174.0 505.125
3 164.25 318.75000000000006 199.74999999999997 375.25000000000006
3 216.50000000000003 345.5 254.5 405.5
3 237.24999999999997 82.25 261.75 124.75
3 248.75 122.25000000000001 271.25 158.75
3 271.875 148.0 304.125 178.0
3 278.75 321.25 316.25 357.75000000000006
3 297.125 611.875 331.875 639.125
3 312.0 298.25 342.0 334.75
3 331.75000000000006 411.5 372.25 445.50000000000006
3 336.0 325.5 376.0 367.5
3 364.0 212.0 384.0 232.0
3 364.25000000000006 545.25 399.75 591.75
3 409.0 601.75 441.99999999999994 639.25
3 411.875 237.87499999999997 424.12499999999994 275.125
3 442.0 388.0 467.0 438.0
3 446.25 504.5 463.75 524.5
3 454.125 258.875 469.87500000000006 298.125
3 457.25 418.75 486.75000000000006 451.25
3 469.5 381.5 489.5 405.50000000000006
3 481.875 395.5 502.12500000000006 425.5
3 582.125 538.5 619.875 568.5
3 589.0 574.5 607.0 598.5
3 609.0 511.75000000000006 629.0 535.25
3 624.0 492.24999999999994 637.0 528.75
3 624.25 551.25 639.75 571.75
