3 0.0 568.875 19.0 588.125
3 29.25 415.25000000000006 46.75 438.75
3 51.75000000000001 342.0 76.25 368.0
3 89.0 441.875 109.0 461.125
3 89.75 202.25 112.25 248.75
3 111.125 191.875 136.875 241.12499999999997
3 112.00000000000001 151.25 144.0 184.75
3 131.75 478.24999999999994 144.25 504.75
3 149.0 484.75 174.0 505.25
3 164.12499999999997 318.875 199.875 375.125
3 216.50000000000003 345.5 254.5 405.5
3 237.125 82.12499999999999 261.875 124.875
3 248.875 122.125 271.125 158.875
3 271.875 148.0 304.125 178.0
3 278.75 321.25 316.25 357.75000000000006
3 297.125 611.875 331.875 639.125
3 312.0 298.25 342.0 334.75
3 331.875 411.5 372.12500000000006 445.50000000000006
3 336.0 325.5 376.0 367.5
3 364.0 212.0 384.0 232.0
3 364.125 545.125 399.87500000000006 591.875
3 409.0 601.875 441.99999999999994 639.125
3 411.75 237.75 424.25 275.25
3 442.0 388.0 467.0 438.0
3 446.125 504.5 463.875 524.5
3 454.25000000000006 258.75 469.75 298.25
3 457.12500000000006 418.875 486.875 451.125
3 469.5 381.5 489.5 405.50000000000006
3 481.75000000000006 395.5 502.25 425.5
3 582.125 538.5 619.875 568.5
3 589.0 574.5 607.0 598.5
3 609.0 511.875 629.0 535.125
3 624.0 492.125 637.0 528.875
3 624.125 551.125 639.875 571.875
