3 24.250000000000004 477.0 69.75 533.0
3 63.125 460.12499999999994 98.875 490.875
3 62.999999999999986 490.875 101.0 546.125
3 69.25 547.0 105.75 603.0
3 79.50000000000001 433.75 116.5 480.25000000000006
3 100.25 484.125 137.75 533.875
3 100.5 533.0 140.5 590.0
3 103.75 588.75 138.25 609.25
3 118.50000000000001 443.5 157.5 496.5
3 141.75 559.875 172.24999999999997 609.125
3 149.99999999999997 519.5 172.99999999999997 559.5
3 153.5 481.12500000000006 175.5 532.875
3 217.75000000000003 490.875 254.25 549.125
3 232.5 537.0 277.5 600.0
3 236.875 592.875 279.125 635.125
3 256.75 501.0 292.25 544.0
3 280.0 546.125 311.0 588.875
3 284.875 577.0 321.125 623.0
3 302.25 511.125 323.75 553.875
3 314.75 552.5 354.25000000000006 606.5
3 336.99999999999994 542.75 371.0 591.25
