3 24.5 477.0 69.5 533.0
3 63.125 460.12499999999994 98.875 490.875
3 62.999999999999986 490.875 101.0 546.125
3 69.125 547.0 105.875 603.0
3 79.50000000000001 433.75 116.5 480.25000000000006
3 100.25 484.125 137.75 533.875
3 100.5 533.0 140.5 590.0
3 103.875 588.875 138.125 609.125
3 118.50000000000001 443.5 157.5 496.5
3 141.5 559.75 172.5 609.25
3 149.99999999999997 519.5 172.99999999999997 559.5
3 153.5 481.25 175.5 532.75
3 217.5 490.75 254.50000000000003 549.25
3 232.5 537.0 277.5 600.0
3 236.75 592.75 279.25 635.25
3 256.75 501.0 292.25 544.0
3 280.0 546.125 311.0 588.875
3 284.875 577.0 321.125 623.0
3 302.25 511.125 323.75 553.875
3 314.87500000000006 552.5 354.125 606.5
3 336.99999999999994 542.875 371.0 591.125
