0 9.87499999999999 508.25 177.125 623.75
0 59.75 431.12500000000006 90.25 450.875
0 100.49999999999999 492.0 131.5 503.0
0 221.50000000000003 538.875 259.5 563.125
0 237.75000000000003 509.5 279.25 535.5
0 255.875 194.0 292.125 219.0
0 259.5 578.25 292.5 595.75
0 264.5 328.24999999999994 277.5 342.75
0 302.0 162.5 343.0 188.5
0 304.0 417.5 325.0 438.49999999999994
0 303.875 299.875 328.125 316.125
0 305.00000000000006 203.0 354.00000000000006 229.00000000000003
0 311.5 461.25 341.5 487.75000000000006
0 326.75 302.0 356.25 323.0
0 329.49999999999994 497.5 416.5 627.5
0 339.5 416.5 377.5 440.50000000000006
0 364.25 238.25 405.75 259.75
0 376.0 0.0 481.0 123.0
0 405.25 436.25 444.75 455.75
0 438.5 277.25 490.50000000000006 310.75
0 448.00000000000006 445.99999999999994 484.0 470.0
0 454.25 197.125 495.75 216.875
0 463.00000000000006 214.25 514.0 247.75000000000003
0 475.99999999999994 410.25 510.0 427.75
0 477.75 394.25000000000006 510.25 407.75
0 482.24999999999994 249.5 523.75 271.5
0 500.75 233.25 533.25 250.75
0 536.875 438.125 581.125 455.87500000000006
