0 9.749999999999996 508.5 177.25 623.5
0 59.5 431.25 90.5 450.75
0 100.25 492.0 131.75 503.0
0 221.50000000000003 538.75 259.5 563.25
0 237.875 509.5 279.125 535.5
0 255.875 194.0 292.125 219.0
0 259.5 578.25 292.5 595.75
0 264.25 328.125 277.75 342.87499999999994
0 302.0 162.5 343.0 188.5
0 304.0 417.5 325.0 438.49999999999994
0 303.875 299.875 328.125 316.125
0 305.00000000000006 203.0 354.00000000000006 229.00000000000003
0 311.5 461.12500000000006 341.5 487.875
0 326.75 302.0 356.25 323.0
0 329.49999999999994 497.5 416.5 627.5
0 339.5 416.5 377.5 440.50000000000006
0 364.5 238.49999999999997 405.5 259.5
0 376.0 0.0 481.0 123.0
0 405.125 436.12500000000006 444.875 455.875
0 438.5 277.125 490.50000000000006 310.875
0 448.00000000000006 445.99999999999994 484.0 470.0
0 454.5 197.24999999999997 495.5 216.75
0 463.00000000000006 214.25 514.0 247.75000000000003
0 475.99999999999994 410.25 510.0 427.75
0 477.75 394.25000000000006 510.25 407.75
0 482.5 249.5 523.5 271.5
0 500.87500000000006 233.125 533.125 250.875
0 536.75 438.25 581.25 455.75
