0 9.749999999999996 508.5 177.25 623.5
0 59.5 431.25 90.5 450.75
0 100.49999999999999 492.0 131.5 503.0
0 221.50000000000003 538.75 259.5 563.25
0 237.875 509.5 279.125 535.5
0 255.75 194.0 292.25 219.0
0 259.75 578.125 292.25 595.875
0 264.5 328.24999999999994 277.5 342.75
0 302.0 162.5 343.0 188.5
0 304.0 417.75 325.0 438.24999999999994
0 303.75 299.75 328.25 316.25
0 305.00000000000006 203.0 354.00000000000006 229.00000000000003
0 311.5 461.25 341.5 487.75000000000006
0 326.875 302.0 356.125 323.0
0 329.49999999999994 497.5 416.5 627.5
0 339.5 416.5 377.5 440.50000000000006
0 364.5 238.49999999999997 405.5 259.5
0 376.0 0.0 481.0 123.0
0 405.25 436.25 444.75 455.75
0 438.5 277.125 490.50000000000006 310.875
0 448.00000000000006 445.99999999999994 484.0 470.0
0 454.25 197.125 495.75 216.875
0 463.00000000000006 214.50000000000003 514.0 247.5
0 475.99999999999994 410.12499999999994 510.0 427.875
0 477.75 394.25000000000006 510.25 407.75
0 482.24999999999994 249.5 523.75 271.5
0 500.87500000000006 233.125 533.125 250.875
0 536.75 438.25 581.25 455.75
