5 65.5 489.49999999999994 109.5 576.5
5 158.5 389.49999999999994 216.5 453.5
5 192.5 521.5 287.5 638.5
5 241.25 339.75 285.75 389.25000000000006
5 267.75 312.0 304.25 353.0
5 272.0 433.5 335.0 520.5
5 322.24999999999994 278.0 353.75 311.0
5 323.75 397.5 365.25000000000006 452.5
5 343.0 355.25 388.0 400.74999999999994
5 352.75000000000006 261.25 376.25 283.75
5 365.25000000000006 244.74999999999997 388.75 268.25
5 373.75 323.5 402.24999999999994 366.5
5 388.75 287.0 411.25 322.0
5 392.25 242.5 425.74999999999994 263.5
5 399.75 265.0 422.25 292.0
5 420.5 249.25 440.5 277.75
