3 165.0 361.0 254.0 441.0
3 81.0 328.00000000000006 119.0 389.0
3 120.99999999999997 165.0 227.0 231.0
3 129.0 385.99999999999994 162.0 410.0
3 149.00000000000003 356.0 173.0 386.99999999999994
3 169.00000000000003 297.0 228.0 356.0
3 215.99999999999997 175.99999999999997 267.0 227.0
3 230.99999999999997 325.0 278.0 373.0
3 247.99999999999997 134.0 336.0 182.0
3 271.0 87.0 335.0 132.0
3 281.0 299.0 330.0 336.0
3 284.0 209.00000000000003 342.0 257.0
3 305.0 243.0 400.0 299.0
3 326.0 356.0 369.0 404.0
3 335.0 325.99999999999994 408.0 370.0
3 336.0 6.000000000000001 394.0 44.0
3 364.0 265.0 431.0 322.0
3 370.0 152.0 417.0 230.99999999999997
3 376.0 39.0 434.0 107.0
3 377.0 352.0 425.0 393.0
3 431.0 149.00000000000003 458.00000000000006 203.0
3 452.0 37.0 472.0 93.0
3 455.0 173.0 503.0 229.00000000000003
3 462.0 258.0 493.0 339.0
3 505.0 155.0 533.0 200.0
