3 307.75 354.74999999999994 365.25 426.25
3 4.0 603.5 22.0 638.5
3 4.5 568.75 33.5 606.25
3 37.0 606.25 61.00000000000001 635.75
3 42.0 487.75000000000006 57.0 516.25
3 43.5 464.5 68.5 494.5
3 43.75 562.25 70.25 595.75
3 68.5 577.0 96.5 623.0
3 74.0 461.125 99.0 489.875
3 76.125 615.5 90.875 639.5
3 79.0 427.125 104.0 464.87500000000006
3 103.99999999999999 595.75 125.0 635.25
3 105.75 569.0 128.25 600.0
3 106.12499999999999 494.125 127.875 522.875
3 108.75 469.75 125.24999999999999 494.25000000000006
3 126.25 610.25 147.75 639.75
3 130.5 576.0 148.5 623.0
3 131.0 481.0 156.0 511.0
3 143.0 616.25 160.99999999999997 639.75
3 145.125 509.87500000000006 175.87500000000003 549.125
3 149.99999999999997 560.25 182.99999999999997 595.75
3 170.25000000000003 626.5 195.75 639.5
3 177.87499999999997 511.0 190.125 546.0
3 180.75 585.5 202.24999999999997 625.5
3 182.25 314.5 207.75 337.5
3 185.0 282.5 205.0 312.5
3 188.0 334.25 203.0 355.75
3 190.25000000000003 246.125 205.75 282.875
3 202.5 559.125 230.49999999999997 599.875
3 214.75 268.25 240.25 282.75
3 217.0 279.5 232.0 302.5
3 244.5 572.25 261.5 588.75
3 245.0 606.5 265.0 638.5
3 272.25 560.75 293.75 610.25
3 274.25 612.25 299.75 639.75
3 311.75000000000006 571.875 362.25 639.125
