2 0.0 266.0 60.0 339.0
2 77.0 120.00000000000001 155.0 282.0
2 77.49999999999999 325.5 91.49999999999999 340.5
2 82.75 339.25 99.24999999999999 361.75
2 96.74999999999999 336.75000000000006 107.25 355.25
2 97.5 323.0 105.5 332.0
2 167.99999999999997 270.0 291.0 495.0
2 332.5 46.5 404.5 193.5
2 340.25 7.749999999999999 351.75000000000006 26.25
2 349.12499999999994 15.125000000000002 361.875 33.875
2 351.5 0.0 364.49999999999994 10.0
2 359.74999999999994 7.875 366.25 21.125
2 475.875 76.125 485.12499999999994 91.875
2 478.0 59.75000000000001 487.0 73.25
2 483.5 43.5 488.5 57.5
2 512.875 75.5 540.125 119.5
2 544.75 59.25000000000001 618.25 208.75
