3 2.250000000000001 247.5 29.75 279.5
3 84.875 269.75 126.125 332.25
3 90.5 335.0 125.5 368.0
3 101.25 585.0 116.75 624.0
3 118.99999999999999 298.875 155.0 358.125
3 145.0 465.12499999999994 170.0 510.875
3 165.49999999999997 582.5 182.5 620.5
3 196.0 321.5 211.0 349.49999999999994
3 207.75 615.5 252.25 639.5
3 213.5 263.75 253.5 328.25
3 285.75 317.75 322.25 370.25
3 318.25 334.0 329.75 368.00000000000006
3 319.0 624.75 348.00000000000006 639.25
3 354.5 332.75 382.5 369.25000000000006
3 428.125 618.875 448.875 639.125
3 605.75 631.5 614.25 639.5
