2 2.5 331.25 33.5 415.75
2 26.874999999999996 0.1249999999999929 105.125 637.875
2 91.0 0.0 196.0 639.0
2 177.5 408.875 221.5 580.125
2 201.0 0.0 234.0 242.0
2 208.49999999999997 407.75000000000006 259.5 639.25
2 233.125 2.2499999999999964 264.875 239.75
2 261.875 401.75 288.125 638.25
2 262.125 0.1249999999999929 297.875 243.875
2 273.875 398.875 352.125 639.125
2 280.0 0.0 347.0 277.0
2 340.875 0.0 371.12500000000006 238.0
2 350.875 393.125 425.12499999999994 637.875
2 361.0 0.12500000000001066 428.00000000000006 237.875
2 425.99999999999994 0.0 505.0 639.0
2 480.0 0.0 540.0 639.0
2 544.125 1.125000000000007 596.875 590.875
2 573.0 0.0 639.0 639.0
