2 2.250000000000001 331.12500000000006 33.75 415.875
2 26.75 0.2499999999999858 105.24999999999999 637.75
2 91.0 0.0 196.0 639.0
2 177.5 408.875 221.5 580.125
2 201.0 0.0 234.0 242.0
2 208.49999999999997 407.75000000000006 259.5 639.25
2 233.25 2.5 264.75 239.5
2 261.75 401.5 288.25 638.5
2 262.125 0.1249999999999929 297.875 243.875
2 273.75 398.75 352.25 639.25
2 280.0 0.0 347.0 277.0
2 340.875 0.0 371.12500000000006 238.0
2 350.875 393.125 425.12499999999994 637.875
2 361.0 0.12500000000001066 428.00000000000006 237.875
2 425.99999999999994 0.0 505.0 639.0
2 480.0 0.0 540.0 639.0
2 544.125 1.125000000000007 596.875 590.875
2 573.0 0.0 639.0 639.0
