3 0.0 359.0 9.0 383.00000000000006
3 0.0 336.0 14.0 359.0
3 0.0 399.0 17.0 438.00000000000006
3 18.125 405.125 36.875 446.875
3 31.500000000000004 294.5 57.5 323.5
3 42.75 440.0 108.25 515.0
3 62.75 262.0 128.25 351.0
3 108.875 28.0 171.125 149.0
3 115.0 0.0 129.0 18.0
3 118.5 226.25 134.5 251.74999999999997
3 157.5 325.5 171.5 354.5
3 165.75 378.75 178.25 405.25000000000006
3 182.87499999999997 382.125 200.125 415.875
3 195.0 516.125 216.0 548.875
3 195.25 331.5 263.75 419.49999999999994
3 225.75 463.25 248.25 496.75
3 232.125 441.0 256.875 471.0
3 245.75 528.75 264.25 554.25
3 289.0 71.5 315.0 108.5
3 340.0 115.12500000000001 353.0 140.875
3 351.99999999999994 91.0 371.0 121.0
3 360.12499999999994 373.0 455.875 433.0
3 425.0 613.0 442.0 637.0
3 429.875 206.25 451.125 235.75000000000003
3 454.12499999999994 147.875 476.875 182.125
3 481.25 408.75 498.75 442.24999999999994
3 513.5 570.25 527.5 601.75
3 516.125 297.875 540.875 330.12499999999994
3 519.0 99.75000000000001 539.0 136.25
3 537.0 94.87499999999999 560.0 122.125
3 566.125 131.75 639.875 220.25000000000003
3 568.25 572.75 582.75 606.25
