3 0.2500000000000002 338.5 15.750000000000002 368.5
3 19.124999999999996 228.875 71.875 282.125
3 28.874999999999996 578.25 77.125 631.75
3 79.0 338.5 121.0 381.5
3 100.0 63.74999999999999 155.0 130.25
3 127.125 304.87500000000006 173.875 364.125
3 148.25 358.875 185.75 410.125
3 195.75 324.87500000000006 242.24999999999997 397.125
3 202.99999999999997 285.875 230.0 338.125
3 223.875 500.125 266.125 549.875
3 242.24999999999997 18.249999999999996 285.75 63.75
3 277.0 47.000000000000014 338.0 114.0
3 353.875 176.0 400.125 229.0
3 360.25 523.0 394.75 575.0
3 404.0 308.25 446.0 370.75
3 495.99999999999994 47.25 545.0 119.75
