3 0.12500000000000067 338.5 15.875 368.5
3 19.25 228.75 71.75 282.25
3 28.874999999999996 578.25 77.125 631.75
3 79.0 338.5 121.0 381.5
3 100.0 63.74999999999999 155.0 130.25
3 127.125 304.87500000000006 173.875 364.125
3 148.5 358.75 185.5 410.25000000000006
3 195.75 324.87500000000006 242.24999999999997 397.125
3 202.99999999999997 285.875 230.0 338.125
3 223.875 500.125 266.125 549.875
3 242.5 18.499999999999996 285.5 63.5
3 277.0 47.000000000000014 338.0 114.0
3 353.75 176.0 400.25000000000006 229.0
3 360.25 523.0 394.75 575.0
3 404.0 308.25 446.0 370.75
3 495.99999999999994 47.25 545.0 119.75
