3 0.2500000000000002 338.5 15.750000000000002 368.5
3 19.25 228.75 71.75 282.25
3 28.75 578.5 77.25 631.5
3 79.0 338.25 121.0 381.75
3 100.0 63.74999999999999 155.0 130.25
3 127.25000000000001 304.75 173.75 364.25000000000006
3 148.5 358.75 185.5 410.25000000000006
3 195.49999999999997 324.75 242.5 397.25
3 202.99999999999997 285.75 230.0 338.25
3 223.75 500.25 266.25 549.75
3 242.5 18.499999999999996 285.5 63.5
3 277.0 47.000000000000014 338.0 114.0
3 353.75 176.0 400.25000000000006 229.0
3 360.125 523.0 394.875 575.0
3 404.0 308.12500000000006 446.0 370.87500000000006
3 495.99999999999994 47.12499999999999 545.0 119.875
