1 0.25000000000000133 350.99999999999994 30.75 435.0
1 0.0 408.00000000000006 41.0 476.0
1 33.25 416.99999999999994 54.75000000000001 456.0
1 63.999999999999986 577.0 240.0 639.0
1 85.5 543.0 265.5 600.0
1 89.12500000000001 603.0 191.875 639.0
1 96.00000000000001 36.99999999999999 604.0 270.0
1 112.0 356.0 288.0 441.0
1 221.5 612.0 393.5 639.0
1 253.5 263.0 357.5 328.0
1 260.125 368.00000000000006 302.875 399.0
1 294.75 365.0 344.25 400.99999999999994
1 344.0 243.0 496.0 349.0
1 350.875 241.0 392.125 286.0
1 400.125 265.0 638.875 527.0
1 457.24999999999994 559.0 538.75 639.0
1 514.75 590.0 553.25 639.0
1 517.25 559.0 598.75 639.0
