3 45.12499999999999 264.125 70.875 304.875
3 52.5 495.50000000000006 78.5 533.5
3 70.75 270.25 78.25 302.75
3 181.0 18.5 204.0 48.5
3 263.125 383.125 291.875 424.875
3 276.0 450.25 303.0 491.75000000000006
3 280.125 24.124999999999996 291.875 36.875
3 287.875 0.0 305.125 31.0
3 306.0 0.0 317.0 30.0
3 345.75 465.125 368.25 506.875
3 359.75 211.74999999999997 392.25 256.25
3 364.875 247.12500000000003 393.125 279.875
3 389.25 229.75 410.75 270.25
3 403.00000000000006 586.5 434.0 631.5
3 424.25000000000006 484.0 457.75 522.0
3 473.0 435.25000000000006 497.0 468.75
3 519.0 366.0 546.0 404.0
3 529.875 480.12499999999994 558.125 522.875
3 537.0 438.75 566.0 487.24999999999994
3 564.25 152.125 587.75 191.875
