3 45.25 264.25 70.75 304.75
3 52.5 495.50000000000006 78.5 533.5
3 70.875 270.125 78.125 302.875
3 181.0 18.5 204.0 48.5
3 263.125 383.125 291.875 424.875
3 276.0 450.25 303.0 491.75000000000006
3 280.25 24.25 291.75 36.75
3 287.75 0.0 305.25 31.0
3 306.0 0.0 317.0 30.0
3 345.75 465.125 368.25 506.875
3 359.75 211.74999999999997 392.25 256.25
3 364.875 247.12500000000003 393.125 279.875
3 389.125 229.875 410.875 270.125
3 403.00000000000006 586.5 434.0 631.5
3 424.25000000000006 484.0 457.75 522.0
3 473.0 435.125 497.0 468.875
3 519.0 366.0 546.0 404.0
3 529.75 480.25 558.25 522.75
3 537.0 438.75 566.0 487.24999999999994
3 564.5 152.25 587.5 191.75
