3 365.74999999999994 158.74999999999997 502.25 354.25
3 315.0 329.0 443.0 526.0
3 316.5 489.75 383.5 639.25
3 317.25 195.75000000000003 355.74999999999994 370.25
3 320.99999999999994 0.0 430.0 198.0
3 385.74999999999994 468.25 520.25 638.75
3 396.0 0.0 486.99999999999994 48.0
3 439.5 15.250000000000004 562.5 194.75
3 504.25000000000006 454.74999999999994 639.75 631.25
3 505.74999999999994 166.75 632.25 343.25
3 513.5 0.0 638.5 61.0
3 582.5 311.75 639.5 486.25
3 587.5 13.249999999999993 639.5 208.75
