3 158.25 314.25000000000006 277.75 479.75
3 0.0 41.0 29.0 202.99999999999997
3 0.0 0.0 92.0 63.0
3 3.9999999999999947 509.87500000000006 83.0 639.125
3 24.25 254.87499999999997 137.75 428.125
3 34.25 64.125 135.75 228.87500000000003
3 61.5 410.0 174.50000000000003 587.0
3 85.24999999999999 0.0 201.75 177.0
3 105.75 226.50000000000003 188.25 370.50000000000006
3 139.5 121.74999999999999 260.5 302.25
3 176.0 551.25 290.0 639.75
3 189.25 267.0 264.75 326.0
3 236.0 70.5 343.0 199.5
3 243.5 458.24999999999994 348.5 577.75
3 250.12500000000003 0.0 301.875 27.0
3 252.125 184.12499999999997 385.875 368.875
3 297.0 536.875 423.0 639.125
3 309.875 329.125 403.125 447.875
3 338.24999999999994 381.75 464.75 561.25
3 381.125 280.25 404.875 329.75
3 381.25 4.7499999999999964 496.75 140.25
3 415.5 303.5 452.5 377.5
3 450.0 260.0 563.0 448.0
3 456.99999999999994 429.875 531.0 568.125
3 466.5 603.5 565.5 639.5
3 467.125 7.124999999999986 575.875 196.875
3 523.75 0.0 586.25 26.0
3 532.875 141.75 626.125 324.25
3 532.75 461.75 638.25 614.25
3 560.0 321.0 604.0 458.00000000000006
3 574.25 0.0 639.75 138.0
3 589.75 605.875 638.25 639.125
3 604.125 138.0 639.875 321.0
3 609.125 328.5 639.875 466.5
