3 7.499999999999999 286.25 20.5 300.75
3 20.250000000000004 240.25 28.75 257.75
3 21.75 201.875 34.25 219.125
3 22.249999999999996 297.875 33.75 307.125
3 35.0 185.75 42.0 198.25
3 37.49999999999999 303.75 44.49999999999999 326.25
3 42.0 241.50000000000003 53.0 254.5
3 46.75 204.75 62.25000000000001 230.25
3 48.125 286.125 57.875 303.875
3 50.50000000000001 259.0 62.5 283.0
3 52.75 177.5 61.25 198.5
3 65.875 275.75 74.125 294.25
3 68.25 209.50000000000003 77.75 222.5
3 70.75 297.5 79.25 318.5
3 70.25 238.25 81.74999999999999 257.75
3 77.0 209.5 90.0 236.50000000000003
3 80.25 244.25 91.74999999999999 265.75
3 84.0 222.125 102.00000000000001 247.875
3 97.0 145.875 108.0 160.125
3 99.75 250.99999999999997 115.25 272.0
3 103.125 156.87499999999997 112.87500000000001 171.12499999999997
3 103.125 198.25 117.87500000000001 219.74999999999997
3 110.25 187.75 121.74999999999999 206.25
3 120.25 150.5 134.75 169.5
3 129.5 187.0 134.5 208.0
3 130.75 173.0 140.25 192.0
3 137.0 127.75 155.0 142.25
3 176.25 222.25 184.75 244.75
3 202.875 213.0 212.125 224.00000000000003
3 205.0 240.125 216.0 265.875
3 212.5 190.25 229.50000000000003 207.75
3 220.0 251.125 239.0 268.875
3 220.75 224.00000000000003 242.24999999999997 248.0
3 229.50000000000003 192.0 252.5 213.0
3 234.0 241.5 251.0 257.5
3 234.0 262.5 251.0 278.5
3 242.5 215.99999999999997 271.5 237.0
3 251.0 244.75 269.0 262.25
3 253.5 276.5 272.5 297.5
3 255.875 180.99999999999997 277.125 208.0
3 269.0 159.99999999999997 280.0 172.99999999999997
3 269.0 222.25 282.0 247.75
3 277.25 185.75 291.75 195.25000000000003
3 286.0 224.00000000000003 299.0 243.0
3 286.75 265.5 295.25 297.5
3 287.0 160.0 299.0 184.0
3 295.75 233.75 308.25 254.24999999999997
3 297.75 248.0 313.25 272.0
3 301.5 198.25 313.5 215.75
3 308.875 180.25000000000003 317.125 201.75
3 311.99999999999994 120.0 329.0 139.0
3 313.5 233.49999999999997 330.50000000000006 254.5
3 314.25 153.75 321.75 172.25
3 314.25 190.125 337.75 212.87499999999997
3 319.5 189.00000000000003 338.5 213.0
3 326.5 241.75 339.49999999999994 259.25
3 327.5 169.75 338.49999999999994 195.25
3 327.875 145.75 342.125 166.25
3 338.5 160.0 351.5 187.00000000000003
3 340.0 209.5 353.0 236.50000000000003
3 345.74999999999994 244.75 367.25 262.25
3 359.0 169.75 371.0 195.25
3 359.0 216.0 371.99999999999994 240.0
3 358.875 131.0 385.125 152.0
3 372.0 128.25 378.0 145.75
3 374.875 115.75 401.125 134.25
3 378.00000000000006 177.75 396.0 190.25
3 378.25 255.75000000000003 398.75 286.25
3 379.25 195.25 381.75 209.75
3 380.5 233.49999999999997 392.5 254.5
3 383.24999999999994 107.0 404.75 128.0
3 383.00000000000006 153.5 406.0 177.5
3 387.5 132.5 404.5 145.5
3 395.0 190.5 400.99999999999994 206.50000000000003
3 403.75 169.875 420.25000000000006 195.125
3 404.75 115.0 414.25000000000006 128.0
3 567.0 198.25 604.0 255.75
3 598.125 139.0 637.875 219.0
3 599.0 238.125 628.0 279.875
3 599.125 269.0 638.875 333.00000000000006
