3 7.499999999999999 286.25 20.5 300.75
3 20.125 240.125 28.875 257.875
3 21.5 201.75 34.5 219.25
3 22.249999999999996 297.875 33.75 307.125
3 35.0 185.75 42.0 198.25
3 37.74999999999999 303.875 44.25 326.125
3 42.0 241.50000000000003 53.0 254.5
3 46.75 204.75 62.25000000000001 230.25
3 48.125 286.125 57.875 303.875
3 50.50000000000001 259.0 62.5 283.0
3 52.87500000000001 177.75000000000003 61.125 198.25
3 65.875 275.75 74.125 294.25
3 68.125 209.75 77.875 222.25
3 70.875 297.75 79.125 318.25
3 70.5 238.5 81.5 257.5
3 77.0 209.75 90.0 236.25
3 80.49999999999999 244.5 91.5 265.5
3 84.0 222.25 102.00000000000001 247.75
3 97.0 145.75 108.0 160.25000000000003
3 99.875 250.99999999999997 115.125 272.0
3 103.25000000000001 156.75 112.75 171.25
3 103.25000000000001 198.49999999999997 117.75 219.5
3 110.49999999999999 187.5 121.5 206.5
3 120.125 150.25 134.875 169.75
3 129.5 187.0 134.5 208.0
3 130.875 173.0 140.125 192.0
3 137.0 127.75 155.0 142.25
3 176.25 222.25 184.75 244.75
3 202.75 213.0 212.25 224.00000000000003
3 205.0 240.125 216.0 265.875
3 212.5 190.25 229.50000000000003 207.75
3 220.0 251.25 239.0 268.75
3 220.875 224.00000000000003 242.125 248.0
3 229.50000000000003 192.0 252.5 213.0
3 234.0 241.5 251.0 257.5
3 234.0 262.5 251.0 278.5
3 242.5 215.99999999999997 271.5 237.0
3 251.0 244.75 269.0 262.25
3 253.75 276.25 272.25 297.75
3 255.875 180.99999999999997 277.125 208.0
3 269.0 159.99999999999997 280.0 172.99999999999997
3 269.0 222.125 282.0 247.875
3 277.125 185.87500000000003 291.875 195.125
3 286.0 224.00000000000003 299.0 243.0
3 286.875 265.5 295.125 297.5
3 287.0 160.0 299.0 184.0
3 295.5 233.49999999999997 308.5 254.5
3 297.75 248.0 313.25 272.0
3 301.5 198.25 313.5 215.75
3 308.75 180.5 317.25 201.50000000000003
3 311.99999999999994 120.0 329.0 139.0
3 313.75000000000006 233.75 330.25000000000006 254.24999999999997
3 314.5 153.5 321.5 172.5
3 314.5 190.25 337.5 212.75
3 319.75 189.00000000000003 338.24999999999994 213.0
3 326.25 241.875 339.74999999999994 259.125
3 327.5 169.75 338.49999999999994 195.25
3 327.75 145.5 342.25 166.5
3 338.5 160.0 351.5 187.00000000000003
3 340.0 209.5 353.0 236.50000000000003
3 345.74999999999994 244.75 367.25 262.25
3 359.0 169.875 371.0 195.125
3 359.0 216.0 371.99999999999994 240.0
3 358.75 131.0 385.25000000000006 152.0
3 372.0 128.125 378.0 145.875
3 374.875 115.75 401.125 134.25
3 378.00000000000006 177.5 396.0 190.49999999999997
3 378.125 255.87500000000003 398.875 286.125
3 379.12499999999994 195.125 381.875 209.875
3 380.5 233.75 392.5 254.24999999999997
3 383.24999999999994 107.0 404.75 128.0
3 383.00000000000006 153.5 406.0 177.5
3 387.5 132.5 404.5 145.5
3 395.0 190.5 400.99999999999994 206.50000000000003
3 403.75 169.875 420.25000000000006 195.125
3 404.75 115.0 414.25000000000006 128.0
3 567.0 198.25 604.0 255.75
3 598.125 139.0 637.875 219.0
3 599.0 238.25 628.0 279.75
3 599.25 269.0 638.75 333.00000000000006
