3 0.0 619.75 37.0 638.25
3 0.0 235.25000000000003 40.0 518.75
3 0.0 151.0 66.0 345.0
3 0.0 0.12500000000001066 165.0 170.875
3 7.000000000000011 468.25 279.0 638.75
3 74.99999999999999 0.0 288.0 181.0
3 148.0 96.25000000000003 440.0 572.75
3 255.75000000000003 464.74999999999994 458.25 636.25
3 274.125 0.0 383.87499999999994 83.0
3 336.0 64.87499999999997 524.0 408.125
3 384.0 0.0 561.0 198.0
3 415.0 349.49999999999994 516.0 606.5
3 517.75 253.49999999999997 639.25 619.5
3 579.0 0.0 639.0 258.0
