2 0.0 0.0 64.0 176.0
2 0.24999999999999467 158.49999999999997 85.75 354.5
2 52.74999999999999 72.5 146.25 257.5
2 118.75 32.5 200.25 190.5
2 201.50000000000003 0.4999999999999982 264.5 120.5
2 224.75 156.74999999999997 374.25 486.25
2 258.0 1.25 333.0 152.75
2 287.0 466.0 344.0 564.0
2 307.25 391.0 377.75 469.0
2 314.25 592.75 368.75 639.25
2 320.25000000000006 0.0 383.75 106.0
2 327.24999999999994 107.0 398.75 311.0
2 335.25000000000006 496.5 408.75 619.5
2 371.5 61.99999999999999 551.5 422.0
2 564.75 360.25 639.25 535.75
