3 57.875000000000014 78.125 492.125 543.875
3 0.0 174.00000000000003 32.0 233.0
3 0.0 448.0 59.0 629.0
3 0.0 29.999999999999993 85.0 174.0
3 0.0 250.99999999999997 85.0 467.0
3 32.25 0.0 119.75 48.0
3 50.25 579.75 129.75 638.25
3 63.50000000000001 453.0 177.5 600.0
3 88.99999999999999 371.75000000000006 185.0 542.25
3 91.5 286.5 158.5 353.5
3 92.25 153.5 201.74999999999997 292.5
3 102.0 0.0 233.0 110.0
3 128.25 67.49999999999999 237.75 166.5
3 153.5 297.75 207.5 444.25000000000006
3 178.0 448.0 220.99999999999997 555.0
3 201.74999999999997 0.2499999999999991 307.25 57.75
3 206.5 244.24999999999997 296.5 441.75
3 212.25 523.0 277.75 603.0
3 234.25 22.250000000000007 315.75 116.75
3 257.0 547.125 329.0 628.875
3 270.00000000000006 292.75 384.00000000000006 462.25
3 276.25 120.25000000000003 373.75 201.75
3 296.87499999999994 321.875 419.12499999999994 515.125
3 301.75000000000006 0.0 402.25 51.0
3 330.125 155.0 386.875 251.0
3 340.875 43.75 439.125 118.25
3 340.74999999999994 511.75 445.25 638.25
3 382.0 127.74999999999999 472.0 286.25
3 389.25000000000006 97.5 457.75 150.5
3 404.25000000000006 436.25 499.75 561.75
3 406.0 315.125 466.0 489.875
3 426.125 0.0 531.875 40.0
3 449.0 195.75000000000003 538.0 286.25
3 450.125 416.125 489.875 473.875
3 452.5 614.5 494.5 638.5
3 455.25 110.25 481.75000000000006 180.75
3 471.99999999999994 286.5 551.0 342.5
3 498.25 75.12500000000001 635.75 225.875
3 526.0 539.75 604.0 638.25
3 545.0 0.0 635.0 75.0
3 547.5 395.0 637.5 555.0
3 549.0 182.125 639.0 335.875
3 624.25 124.99999999999999 637.75 212.99999999999997
