3 57.749999999999986 78.25000000000003 492.25 543.75
3 0.0 174.00000000000003 32.0 233.0
3 0.0 448.0 59.0 629.0
3 0.0 29.999999999999993 85.0 174.0
3 0.0 250.99999999999997 85.0 467.0
3 32.25 0.0 119.75 48.0
3 50.5 579.5 129.5 638.5
3 63.50000000000001 453.0 177.5 600.0
3 88.99999999999999 371.50000000000006 185.0 542.5
3 91.75 286.25 158.25 353.75
3 92.12499999999999 153.75 201.875 292.25
3 102.0 0.0 233.0 110.0
3 128.125 67.75 237.875 166.25
3 153.5 297.5 207.5 444.5
3 178.0 448.0 220.99999999999997 555.0
3 201.875 0.12499999999999734 307.125 57.875
3 206.5 244.49999999999994 296.5 441.5
3 212.25 523.0 277.75 603.0
3 234.125 22.125000000000004 315.875 116.875
3 257.0 547.25 329.0 628.75
3 270.00000000000006 292.75 384.00000000000006 462.25
3 276.25 120.25000000000003 373.75 201.75
3 296.75 321.75 419.25 515.25
3 301.5 0.0 402.5 51.0
3 330.25 155.0 386.75000000000006 251.0
3 340.75 43.5 439.25 118.5
3 340.875 511.875 445.12499999999994 638.125
3 382.0 127.74999999999999 472.0 286.25
3 389.125 97.75 457.875 150.25
3 404.5 436.5 499.5 561.5
3 406.0 315.25 466.0 489.75
3 426.25 0.0 531.75 40.0
3 449.0 195.5 538.0 286.5
3 450.125 416.125 489.875 473.875
3 452.5 614.5 494.5 638.5
3 455.125 110.12500000000001 481.875 180.87500000000003
3 471.99999999999994 286.5 551.0 342.5
3 498.25 75.12500000000001 635.75 225.875
3 526.0 539.75 604.0 638.25
3 545.0 0.0 635.0 75.0
3 547.5 395.0 637.5 555.0
3 549.0 182.125 639.0 335.875
3 624.25 124.99999999999999 637.75 212.99999999999997
