3 57.875000000000014 78.125 492.125 543.875
3 0.0 174.00000000000003 32.0 233.0
3 0.0 448.0 59.0 629.0
3 0.0 29.999999999999993 85.0 174.0
3 0.0 250.99999999999997 85.0 467.0
3 32.25 0.0 119.75 48.0
3 50.5 579.5 129.5 638.5
3 63.50000000000001 453.0 177.5 600.0
3 88.99999999999999 371.50000000000006 185.0 542.5
3 91.5 286.5 158.5 353.5
3 92.12499999999999 153.75 201.875 292.25
3 102.0 0.0 233.0 110.0
3 128.125 67.75 237.875 166.25
3 153.5 297.5 207.5 444.5
3 178.0 448.0 220.99999999999997 555.0
3 201.875 0.12499999999999734 307.125 57.875
3 206.5 244.24999999999997 296.5 441.75
3 212.5 523.0 277.5 603.0
3 234.125 22.125000000000004 315.875 116.875
3 257.0 547.125 329.0 628.875
3 270.00000000000006 292.875 384.00000000000006 462.125
3 276.125 120.12500000000001 373.875 201.875
3 296.87499999999994 321.875 419.12499999999994 515.125
3 301.75000000000006 0.0 402.25 51.0
3 330.125 155.0 386.875 251.0
3 340.875 43.75 439.125 118.25
3 340.74999999999994 511.75 445.25 638.25
3 382.0 127.74999999999999 472.0 286.25
3 389.25000000000006 97.5 457.75 150.5
3 404.5 436.5 499.5 561.5
3 406.0 315.25 466.0 489.75
3 426.25 0.0 531.75 40.0
3 449.0 195.75000000000003 538.0 286.25
3 450.25 416.25 489.75 473.75
3 452.5 614.5 494.5 638.5
3 455.25 110.25 481.75000000000006 180.75
3 471.99999999999994 286.5 551.0 342.5
3 498.25 75.12500000000001 635.75 225.875
3 526.0 539.75 604.0 638.25
3 545.0 0.0 635.0 75.0
3 547.5 395.0 637.5 555.0
3 549.0 182.125 639.0 335.875
3 624.25 124.99999999999999 637.75 212.99999999999997
