0 11.749999999999998 513.5 105.24999999999999 630.5
0 13.000000000000007 0.0 639.0 639.0
0 48.0 248.75 154.0 381.25
0 86.25 107.875 169.75 212.125
0 101.49999999999999 382.24999999999994 180.5 483.75
0 157.25 460.50000000000006 234.75 566.5
0 164.24999999999997 246.5 238.75 344.5
0 186.0 0.0 289.0 135.0
0 222.125 545.125 296.875 639.875
0 222.99999999999997 312.875 306.0 424.125
0 237.75 197.875 318.25 309.125
0 244.0 428.125 325.0 541.875
0 287.875 0.0 399.125 131.0
0 310.0 506.25 408.0 639.75
0 316.99999999999994 128.125 424.0 267.875
0 319.125 290.125 387.875 383.875
0 357.875 387.875 442.125 495.12499999999994
0 401.99999999999994 37.74999999999999 481.0 144.25
0 421.75000000000006 301.75 495.25 403.25
0 434.75 485.75 523.25 591.25
0 435.5 158.875 517.5 260.125
0 495.74999999999994 256.0 590.25 365.0
0 526.0 375.0 616.0 485.0
0 538.5 143.25 639.5 269.75
