3 0.0 214.25 6.0 232.75000000000003
3 8.25 295.5 19.75 321.5
3 11.0 387.75000000000006 28.0 406.25
3 15.499999999999998 280.5 35.5 302.5
3 25.0 403.5 43.0 433.5
3 29.499999999999996 384.49999999999994 46.49999999999999 406.5
3 35.5 359.5 47.5 377.5
3 35.5 539.25 50.5 562.75
3 37.875 86.5 54.125 118.5
3 39.75 518.0 55.25 539.0
3 44.25 108.0 59.75000000000001 138.0
3 44.12500000000001 315.12499999999994 59.875 350.875
3 47.75 547.5 60.25 575.5
3 56.875 90.0 69.125 118.0
3 57.875 384.0 74.125 411.0
3 59.25000000000001 359.75 78.75 384.25000000000006
3 69.75 263.5 82.25 295.5
3 74.0 544.0 87.00000000000001 572.0
3 78.75 458.00000000000006 94.25 476.0
3 79.5 245.125 93.5 263.875
3 82.5 63.0 94.5 89.0
3 82.125 267.125 98.87500000000001 285.875
3 84.0 365.5 101.0 385.5
3 89.75 470.0 102.25 492.0
3 91.75 577.5 104.25 595.5
3 93.5 547.75 103.5 572.25
3 94.50000000000001 228.49999999999997 108.5 254.5
3 96.75 528.25 109.25 549.75
3 99.0 328.25 111.0 351.75
3 99.5 377.75 110.5 402.25
3 109.75000000000001 581.5 126.25 603.5
3 113.25 459.49999999999994 125.75 481.5
3 116.75 555.5 133.25 583.5
3 125.75000000000001 347.25 145.25 377.75
3 135.5 532.0 148.5 559.0
3 138.0 392.75 155.0 417.25
3 145.75 410.125 158.25 433.875
3 147.875 348.125 162.125 372.87499999999994
3 157.75 403.125 180.25 429.875
3 170.0 439.75 182.99999999999997 454.25000000000006
3 207.0 531.875 234.00000000000003 561.125
3 209.875 372.5 222.12500000000003 392.5
3 211.75 284.5 224.25 310.5
3 219.25 443.25 231.75 461.75
3 219.12499999999997 118.25 239.875 145.75
3 222.25 388.00000000000006 237.75 414.0
3 231.75 75.0 247.24999999999997 108.0
3 232.5 451.50000000000006 246.5 472.5
3 234.00000000000003 507.5 242.0 529.5
3 241.875 446.875 258.125 470.125
3 247.24999999999997 494.5 260.75 514.5
3 249.74999999999997 525.25 259.25 542.75
3 253.75 485.0 266.25 498.0
3 254.25 136.75 265.75 160.25
3 270.25 350.25 281.75 377.75
3 279.125 132.875 292.875 160.125
3 281.0 277.875 299.0 322.125
3 301.0 204.0 319.0 224.0
3 308.25 513.125 323.75 542.875
3 337.75 544.0 354.25000000000006 570.0
3 339.875 520.5 355.125 540.5
3 360.0 141.5 379.00000000000006 167.5
3 375.0 164.0 394.00000000000006 186.0
3 376.5 63.00000000000001 396.5 85.0
3 380.0 192.0 395.0 208.0
3 389.74999999999994 234.12499999999997 406.25 258.875
3 404.25 234.25 416.75 255.75
3 408.25 435.875 433.75 472.125
3 419.125 498.24999999999994 438.87499999999994 529.75
3 438.875 82.125 451.125 114.87499999999999
3 440.5 577.5 465.5 617.5
3 457.75 532.0 472.25 550.0
3 460.12499999999994 551.0 480.875 580.0
3 475.0 325.0 495.0 352.0
3 475.74999999999994 101.0 490.25 129.0
3 478.24999999999994 0.0 487.75 33.0
3 483.125 175.0 499.875 202.99999999999997
3 490.25 5.0 502.75 26.0
3 492.25 100.0 509.75 122.0
3 497.25 306.75 502.75 336.25
3 502.12500000000006 115.0 521.875 137.0
3 517.0 326.0 534.0 361.99999999999994
3 517.0 472.875 535.0 506.12500000000006
3 519.75 250.99999999999997 532.25 288.0
3 521.875 274.5 537.125 296.5
3 524.0 458.125 544.0 472.87499999999994
3 530.0 559.0 559.0 591.0
3 548.25 614.25 563.75 639.75
3 563.5 454.875 571.5 476.125
3 591.0 579.75 606.0 609.25
