3 0.0 214.25 6.0 232.75000000000003
3 8.25 295.5 19.75 321.5
3 11.0 387.75000000000006 28.0 406.25
3 15.499999999999998 280.5 35.5 302.5
3 25.0 403.5 43.0 433.5
3 29.749999999999996 384.49999999999994 46.25 406.5
3 35.5 359.5 47.5 377.5
3 35.75 539.125 50.24999999999999 562.875
3 37.875 86.5 54.125 118.5
3 39.875 518.0 55.125 539.0
3 44.12500000000001 108.0 59.875 138.0
3 44.12500000000001 315.12499999999994 59.875 350.875
3 47.75 547.5 60.25 575.5
3 56.75 90.0 69.25 118.0
3 57.875 384.0 74.125 411.0
3 59.25000000000001 359.75 78.75 384.25000000000006
3 69.75 263.5 82.25 295.5
3 74.0 544.0 87.00000000000001 572.0
3 78.875 458.00000000000006 94.125 476.0
3 79.5 245.25 93.5 263.75
3 82.5 63.0 94.5 89.0
3 82.125 267.125 98.87500000000001 285.875
3 84.0 365.5 101.0 385.5
3 89.75 470.0 102.25 492.0
3 91.5 577.5 104.50000000000001 595.5
3 93.5 547.75 103.5 572.25
3 94.50000000000001 228.49999999999997 108.5 254.5
3 96.875 528.125 109.12500000000001 549.875
3 99.0 328.25 111.0 351.75
3 99.5 377.75 110.5 402.25
3 109.75000000000001 581.5 126.25 603.5
3 113.125 459.49999999999994 125.87499999999999 481.5
3 116.75 555.5 133.25 583.5
3 125.75000000000001 347.25 145.25 377.75
3 135.75 532.0 148.25 559.0
3 138.0 392.75 155.0 417.25
3 145.75 410.125 158.25 433.875
3 147.875 348.125 162.125 372.87499999999994
3 157.49999999999997 403.24999999999994 180.49999999999997 429.75
3 170.0 439.5 182.99999999999997 454.5
3 207.0 531.75 234.00000000000003 561.25
3 209.75 372.5 222.25 392.5
3 211.75 284.5 224.25 310.5
3 219.125 443.125 231.875 461.875
3 219.12499999999997 118.25 239.875 145.75
3 222.25 388.00000000000006 237.75 414.0
3 231.75 75.0 247.24999999999997 108.0
3 232.5 451.75000000000006 246.5 472.25
3 234.00000000000003 507.5 242.0 529.5
3 241.875 446.875 258.125 470.125
3 247.24999999999997 494.5 260.75 514.5
3 249.74999999999997 525.25 259.25 542.75
3 253.75 485.0 266.25 498.0
3 254.125 136.875 265.875 160.125
3 270.5 350.5 281.5 377.5
3 279.125 132.875 292.875 160.125
3 281.0 277.75 299.0 322.25
3 301.0 204.0 319.0 224.0
3 308.25 513.125 323.75 542.875
3 337.875 544.0 354.125 570.0
3 339.75 520.5 355.25 540.5
3 360.0 141.5 379.00000000000006 167.5
3 375.0 164.0 394.00000000000006 186.0
3 376.5 63.00000000000001 396.5 85.0
3 380.0 192.0 395.0 208.0
3 389.74999999999994 234.12499999999997 406.25 258.875
3 404.25 234.25 416.75 255.75
3 408.25 435.875 433.75 472.125
3 419.125 498.24999999999994 438.87499999999994 529.75
3 438.75 82.25 451.25 114.75
3 440.25 577.5 465.74999999999994 617.5
3 457.75 532.0 472.25 550.0
3 460.12499999999994 551.0 480.875 580.0
3 475.0 325.0 495.0 352.0
3 475.875 101.0 490.12499999999994 129.0
3 478.24999999999994 0.0 487.75 33.0
3 483.24999999999994 175.0 499.75 202.99999999999997
3 490.12499999999994 5.0 502.875 26.0
3 492.5 100.0 509.5 122.0
3 497.125 306.875 502.875 336.125
3 502.12500000000006 115.0 521.875 137.0
3 517.0 326.0 534.0 361.99999999999994
3 517.0 472.75000000000006 535.0 506.25
3 519.5 250.99999999999997 532.5 288.0
3 521.875 274.5 537.125 296.5
3 524.0 458.24999999999994 544.0 472.75
3 530.0 559.0 559.0 591.0
3 548.25 614.25 563.75 639.75
3 563.5 454.875 571.5 476.125
3 591.0 579.875 606.0 609.125
