0 0.0 378.25 123.0 535.75
0 0.25000000000000355 93.0 123.75 274.0
0 8.75 268.5 95.25 369.49999999999994
0 9.750000000000005 532.75 109.25 639.25
0 11.25 0.0 106.75 104.0
0 62.25 191.75 201.74999999999997 369.25
0 70.49999999999999 465.0 208.5 639.0
0 95.0 0.0 193.0 103.0
0 97.5 58.25 198.5 106.75
0 122.5 160.5 207.5 281.5
0 123.50000000000001 420.99999999999994 203.5 515.0
0 181.5 0.2500000000000002 206.5 16.75
0 205.49999999999997 0.2499999999999991 312.5 56.75000000000001
0 207.75 374.00000000000006 331.25 543.0
0 212.75 48.25 328.25 196.75
0 212.75 202.75 335.25 355.25
0 230.75 547.75 293.25 639.25
0 242.00000000000003 182.0 334.0 266.0
0 276.5 524.0 421.5 639.0
0 303.25 0.0 416.75 96.0
0 311.75 106.49999999999999 431.25 246.5
0 321.75 246.5 419.25 346.5
0 328.00000000000006 358.5 451.0 528.5
0 330.25 492.5 427.75 566.5
0 424.25 12.749999999999995 528.75 84.25
0 424.75 0.0 517.25 20.0
0 428.75 70.0 562.25 239.0
0 446.0 329.25 578.0 510.75
0 448.75 216.5 536.25 257.5
0 449.25 235.0 533.75 349.0
0 457.5 506.75 575.5 639.25
0 509.0 0.0 536.0 28.0
0 517.5 0.0 624.5 91.0
0 526.5 216.75 639.5 375.25
0 537.0 99.74999999999997 631.0 243.25
0 553.0 406.75000000000006 639.0 560.25
0 574.5 501.75 639.5 639.25
