3 0.0 198.25 75.0 294.75
3 0.12500000000000178 406.25 87.87500000000001 611.75
3 54.0 235.75000000000003 157.0 486.25
3 63.75000000000001 54.249999999999986 172.25 229.75
3 76.0 441.50000000000006 145.0 587.5
3 88.50000000000001 171.875 184.5 322.125
3 142.5 312.0 198.5 535.0
3 149.25 562.75 232.75000000000003 639.25
3 161.12499999999997 157.125 276.875 411.875
3 162.00000000000003 492.25 240.0 585.75
3 174.25 404.49999999999994 281.75 546.5
3 179.00000000000003 417.75 253.0 505.25
3 206.25 7.749999999999986 286.75 181.25
3 220.5 535.0 311.5 639.0
3 240.0 410.12499999999994 287.0 497.875
3 262.0 39.999999999999986 361.0 283.0
3 265.75 274.5 368.25 499.5
3 284.5 480.875 348.5 574.125
3 321.0 598.0 408.00000000000006 639.0
3 326.75 494.0 434.25 639.0
3 334.5 229.75 415.5 470.25
3 371.125 75.12500000000001 478.875 315.875
3 387.75 416.0 477.25 559.0
3 418.125 263.5 523.875 447.5
3 434.25 559.0 463.75 639.0
3 461.875 570.125 536.125 638.875
3 461.75 440.0 568.25 623.0
3 509.75 339.75 594.25 468.24999999999994
3 529.0 615.0 597.0 639.0
3 531.0 564.875 595.0 611.125
3 533.875 558.875 578.125 594.125
3 555.5 382.25 639.5 587.75
