3 16.0 523.0 48.00000000000001 588.0
3 35.25 200.99999999999997 123.75 282.0
3 83.875 324.125 169.125 412.875
3 116.5 149.25 166.5 186.75
3 171.0 398.00000000000006 251.0 461.0
3 184.5 583.25 260.5 621.75
3 238.875 374.125 294.125 429.87500000000006
3 243.5 137.0 308.5 204.00000000000003
3 247.0 296.24999999999994 314.0 349.74999999999994
3 279.125 507.87499999999994 303.875 533.125
3 305.125 153.0 348.875 215.0
3 330.125 261.125 399.875 331.875
3 354.5 546.25 374.5 570.75
3 356.5 567.25 375.50000000000006 590.75
3 356.99999999999994 362.0 424.0 428.0
3 403.5 522.0 421.5 537.0
3 408.0 539.0 425.0 554.0
3 422.5 524.0 437.5 538.0
3 424.25000000000006 587.75 429.75 595.25
3 444.75 443.75 467.25 465.25000000000006
3 474.00000000000006 381.875 510.0 407.12500000000006
3 482.75 241.5 550.25 302.5
3 504.12499999999994 356.50000000000006 531.875 392.5
3 505.25 376.75000000000006 544.75 420.25
3 537.25 319.49999999999994 607.75 386.5
3 543.875 520.0 565.125 540.0
3 598.0 215.25 618.0 268.75
