3 0.0 65.24999999999999 96.0 243.75
3 0.0 0.9999999999999964 115.0 119.0
3 0.0 381.0 191.0 619.0
3 1.0000000000000142 180.0 220.0 381.0
3 93.0 68.25 177.0 179.75
3 98.5 0.2499999999999991 266.5 79.75
3 122.125 554.125 253.87500000000003 639.875
3 155.125 400.25 232.87499999999997 465.74999999999994
3 190.12500000000003 397.875 406.875 637.125
3 280.00000000000006 0.9999999999999964 394.00000000000006 96.0
3 358.75 471.99999999999994 526.25 639.0
3 359.00000000000006 70.87499999999999 565.0 252.125
3 374.0 0.0 533.0 59.0
3 436.875 273.125 615.125 491.875
3 526.0 0.0 639.0 158.0
3 529.75 565.0 608.25 634.0
3 574.25 160.12500000000003 639.75 285.875
3 588.875 495.0 638.125 624.0
3 604.25 358.5 639.75 515.5
