3 0.0 461.99999999999994 20.0 486.0
3 13.000000000000004 437.0 46.0 467.0
3 27.0 455.0 51.0 484.00000000000006
3 53.0 430.0 77.0 465.0
3 68.0 458.0 87.0 492.0
3 81.0 430.0 114.0 475.0
3 103.99999999999999 461.0 115.0 491.99999999999994
3 115.0 430.0 143.0 469.00000000000006
3 126.00000000000001 466.99999999999994 145.0 491.0
3 318.0 458.00000000000006 364.0 499.0
3 349.0 435.0 381.0 465.0
3 370.0 465.0 400.0 495.0
3 383.0 438.0 420.0 472.0
3 398.0 467.0 418.0 498.0
3 415.0 464.00000000000006 435.0 495.0
3 417.0 438.0 452.0 467.0
3 428.00000000000006 403.00000000000006 466.0 444.0
3 442.0 471.0 483.0 499.0
3 459.00000000000006 440.0 495.0 469.00000000000006
3 471.0 403.0 508.00000000000006 443.0
3 475.0 467.0 517.0 498.0
3 503.0 445.0 527.0 470.99999999999994
3 512.0 413.0 547.0 445.0
3 519.0 465.0 551.0 503.0
3 539.0 450.0 571.0 474.00000000000006
3 547.0 406.0 581.0 448.00000000000006
3 553.0 471.0 584.0 499.0
3 573.0 447.0 598.0 467.0
3 578.0 411.0 621.0 448.00000000000006
3 591.0 469.0 622.0 499.0
3 612.0 435.0 639.0 475.0
3 628.0 397.0 639.0 433.0
