3 7.5 347.25 94.5 494.75
3 53.00000000000001 222.75 150.0 356.25
3 72.75 107.99999999999999 171.25 240.0
3 80.49999999999999 399.75 183.5 540.25
3 100.0 365.50000000000006 144.0 413.5
3 147.0 263.75 214.00000000000003 389.25
3 147.25 7.000000000000002 227.75 129.0
3 166.50000000000003 499.74999999999994 270.5 581.25
3 174.24999999999997 143.75 218.75 226.25
3 189.5 370.50000000000006 230.5 498.5
3 204.00000000000003 74.0 273.0 182.00000000000003
3 214.00000000000003 188.5 267.0 247.5
3 220.5 240.25 291.5 358.75
3 225.49999999999997 325.99999999999994 338.5 517.0
3 264.75 555.5 312.25 594.5
3 285.25 119.25 390.74999999999994 270.75
3 291.5 421.99999999999994 419.49999999999994 581.0
3 319.5 226.5 405.5 369.5
3 319.5 554.25 434.5 639.75
3 347.25 269.5 476.75000000000006 452.5
3 358.00000000000006 0.0 461.0 125.0
3 403.24999999999994 413.75 537.75 613.25
3 407.5 118.0 526.5 267.0
3 461.75 243.5 541.25 350.5
3 479.5 354.25 557.5 446.75
3 484.49999999999994 595.5 563.5 638.5
3 522.5 88.75 611.5 215.25
3 543.5 389.0 639.5 566.0
3 548.25 193.25 635.75 339.75
3 565.5 336.25 634.5 381.75
3 569.5 499.75 638.5 635.25
3 611.5 88.75 639.5 192.25
