3 244.25 613.5 281.75 637.5
3 272.5 613.5 306.5 637.5
3 301.0 530.875 351.0 592.125
3 303.12499999999994 477.5 347.87499999999994 541.5
3 308.875 607.875 335.125 637.125
3 330.0 397.5 378.0 445.5
3 333.49999999999994 448.125 367.5 498.875
3 335.25 581.5 381.75000000000006 637.5
3 356.875 495.875 410.125 565.125
3 367.125 258.875 404.87500000000006 312.125
3 383.5 426.75000000000006 424.49999999999994 480.25
3 383.125 541.125 429.875 599.875
3 388.49999999999994 594.75 427.5 637.25
3 399.49999999999994 330.75 431.5 384.25
3 404.87500000000006 146.87499999999997 442.125 216.12499999999997
3 409.87500000000006 493.5 447.125 573.5
3 417.12500000000006 226.875 461.875 285.125
3 427.75 194.75 463.24999999999994 221.25
3 429.49999999999994 90.75 463.5 152.25
3 431.5 301.25 479.49999999999994 346.75
3 434.875 335.99999999999994 490.125 400.0
3 440.25 559.75 477.75 621.25
3 447.75 599.875 488.24999999999994 637.125
3 449.25 384.00000000000006 495.75 440.0
3 454.25000000000006 234.5 497.75 290.5
3 472.5 74.875 504.5 101.125
3 474.0 103.75 508.00000000000006 149.25
3 474.25 429.5 518.75 485.5
3 476.0 170.5 519.0 218.49999999999997
3 479.49999999999994 133.49999999999997 518.5 189.5
3 490.12499999999994 210.5 520.875 250.5
3 490.5 341.25 529.5 407.75000000000006
3 495.875 618.875 524.125 637.125
3 497.5 282.5 536.5 330.5
3 500.99999999999994 45.125 540.0 82.875
3 501.0 242.87499999999997 544.0 285.125
3 510.0 82.5 553.0 114.5
3 517.0 581.25 535.0 618.75
3 517.0 437.5 567.0 509.5
3 522.5 309.5 556.5 357.5
3 522.25 146.875 561.75 184.125
3 529.125 18.5 566.875 58.5
3 529.25 181.5 566.75 213.5
3 531.125 349.125 584.875 439.87500000000006
3 535.0 202.5 574.0 250.49999999999997
3 540.0 42.5 583.0 98.5
3 543.75 248.0 586.25 296.0
3 558.0 114.75 599.0 165.25
3 561.5 77.25 593.5 106.74999999999999
3 561.75 279.875 600.25 341.125
3 566.0 0.0 602.0 21.0
3 579.5 10.875000000000004 611.5 72.125
3 582.75 175.75 627.25 237.24999999999997
3 599.0 82.74999999999999 631.0 144.25
3 613.0 18.500000000000007 638.0 74.5
