1 12.000000000000002 387.125 133.0 473.87499999999994
1 12.749999999999995 547.5 139.25 632.5
1 12.999999999999998 65.00000000000001 139.0 151.0
1 15.999999999999996 225.5 139.0 311.5
1 174.5 225.875 300.5 310.125
1 175.0 66.5 298.0 151.5
1 175.75 547.5 298.25 633.5
1 176.25 388.75 300.75 472.24999999999994
1 336.25 226.74999999999997 459.74999999999994 311.25
1 337.0 64.0 460.0 151.0
1 337.0 551.125 460.0 633.875
1 336.875 386.5 460.125 474.49999999999994
1 493.5 225.49999999999997 619.5 313.5
1 496.125 550.125 621.875 634.875
1 497.75 386.0 620.25 471.99999999999994
1 497.75 64.24999999999999 620.25 149.75
