3 0.0 220.0 68.0 291.0
3 0.0 450.0 78.0 601.0
3 8.499999999999996 144.00000000000003 101.5 223.0
3 25.75 98.0 78.25 144.0
3 42.50000000000001 365.0 193.5 508.0
3 74.0 545.0 183.0 636.0
3 87.0 58.50000000000001 146.0 127.5
3 111.0 121.25 284.0 279.75
3 141.0 72.75 237.99999999999997 145.25
3 159.25 29.5 260.75 88.50000000000001
3 172.5 413.0 333.5 575.0
3 196.5 296.0 321.5 416.99999999999994
3 245.75000000000003 217.0 311.25 298.0
3 251.0 0.7500000000000018 284.0 53.25
3 257.5 53.50000000000001 327.5 124.5
3 261.99999999999994 528.5 429.0 639.5
3 285.00000000000006 232.5 439.00000000000006 381.5
3 319.5 379.5 482.5 542.5
3 334.25000000000006 6.5 389.75 23.5
3 342.75 37.000000000000014 452.25 134.0
3 391.99999999999994 0.0 426.0 29.0
3 422.75 0.0 498.24999999999994 53.0
3 422.75 508.24999999999994 592.25 639.75
3 444.74999999999994 23.75 531.25 109.25
3 454.5 268.5 592.5 409.49999999999994
3 478.25 404.5 588.75 519.5
3 505.0 91.5 587.0 174.50000000000003
3 536.25 48.75 611.75 121.25
3 564.25 180.25000000000003 639.75 291.75
3 567.25 478.5 639.75 629.5
3 582.5 360.25 639.5 482.75
3 592.5 299.0 628.5 341.99999999999994
