3 38.5 408.0 86.5 457.0
3 42.875 612.0 81.125 639.0
3 120.25 311.5 245.75000000000003 424.49999999999994
3 133.875 621.0 167.12500000000003 639.0
3 228.875 329.87500000000006 330.125 437.125
3 250.87500000000003 544.875 285.125 579.125
3 266.5 632.875 292.5 639.125
3 266.875 579.125 301.125 616.875
3 278.25 611.75 314.75 626.25
3 314.87500000000006 382.875 419.125 464.125
3 482.0 384.00000000000006 533.0 455.0
3 517.75 386.875 584.25 464.12499999999994
3 534.5 561.5 599.5 634.5
3 585.75 553.5 639.25 627.5
