0 106.0 556.0 117.00000000000001 586.0
0 111.875 597.5 128.125 611.5
0 119.125 559.75 139.875 590.25
0 232.5 413.75 256.5 453.25
0 235.25000000000003 592.25 251.75 618.75
0 269.5 377.0 280.5 398.0
0 276.25 291.75 296.75 332.25
0 287.5 312.5 400.5 442.5
0 315.875 429.125 433.125 578.875
0 318.75 298.75 333.25 340.25
0 404.25 590.5 428.75 626.5
0 408.5 106.00000000000001 429.49999999999994 135.0
0 417.5 252.75 432.5 277.25
0 419.00000000000006 348.87499999999994 515.0 412.125
0 436.875 252.0 461.125 282.0
0 449.125 86.125 548.875 248.875
0 489.5 273.25 602.5 336.75
0 534.25 437.5 549.75 467.5
0 545.875 441.875 560.125 465.125
0 551.0 121.0 576.0 149.0
