0 106.0 556.0 117.00000000000001 586.0
0 111.875 597.5 128.125 611.5
0 119.24999999999999 559.5 139.75 590.5
0 232.5 413.75 256.5 453.25
0 235.25000000000003 592.25 251.75 618.75
0 269.75 377.0 280.25 398.0
0 276.25 291.75 296.75 332.25
0 287.5 312.5 400.5 442.5
0 315.875 429.125 433.125 578.875
0 318.875 298.875 333.125 340.125
0 404.125 590.5 428.87499999999994 626.5
0 408.24999999999994 106.00000000000001 429.75 135.0
0 417.5 252.75 432.5 277.25
0 419.00000000000006 348.87499999999994 515.0 412.125
0 436.75 252.0 461.25 282.0
0 449.125 86.125 548.875 248.875
0 489.5 273.25 602.5 336.75
0 534.5 437.5 549.5 467.5
0 545.875 441.875 560.125 465.125
0 551.0 121.0 576.0 149.0
