3 0.25000000000000133 122.5 25.75 152.5
3 23.0 265.25 37.0 279.75
3 34.75 572.0 43.25 579.0
3 47.5 567.0 50.50000000000001 577.0
3 49.75000000000001 470.74999999999994 58.25 487.25
3 49.5 169.25 60.5 176.75
3 54.75 119.75 65.25 137.25
3 72.25 132.75 79.75 139.25
3 82.75 414.74999999999994 99.24999999999999 431.25
3 84.24999999999999 629.75 92.75 636.25
3 145.0 612.25 155.0 616.75
3 211.50000000000003 606.25 230.5 626.75
3 223.25 566.75 231.75 573.25
3 241.75 596.25 253.25 613.75
3 386.75 544.25 394.25 552.75
3 491.99999999999994 559.5 506.0 573.5
