4 0.0 311.75 13.0 453.25
4 0.0 52.0 17.0 196.0
4 27.0 176.0 93.0 344.0
4 30.000000000000004 428.125 93.0 606.875
4 44.0 0.0 100.0 89.0
4 113.0 301.125 174.0 471.875
4 116.0 44.0 181.0 216.0
4 194.0 440.25000000000006 264.0 606.75
4 197.0 170.5 262.0 346.50000000000006
4 209.00000000000003 0.0 263.0 84.0
4 283.0 42.75 352.0 212.25
4 285.0 304.0 351.0 476.0
4 369.0 175.87500000000003 436.0 341.125
4 370.0 433.125 435.99999999999994 602.875
4 380.0 0.25000000000000355 435.99999999999994 78.75
4 457.0 42.75 522.0 212.25
4 457.0 298.875 525.0 469.12499999999994
4 541.0 170.49999999999997 613.0 338.5
4 546.0 434.75 609.0 605.25
4 548.0 0.25000000000000355 605.0 78.75
