2 0.0 571.0 56.0 637.0
2 2.2499999999999964 272.125 161.74999999999997 485.875
2 9.500000000000002 273.5 104.5 571.5
2 45.50000000000001 612.5 117.5 639.5
2 61.5 461.25 111.5 622.75
2 82.875 204.125 171.12499999999997 422.875
2 92.25000000000001 397.25 198.75 589.75
2 94.0 0.0 214.0 241.0
2 123.87500000000001 340.5 197.12500000000003 410.5
2 172.5 126.75 263.5 335.25000000000006
2 190.0 549.75 224.0 580.25
2 209.0 217.125 330.0 445.875
2 279.75 0.49999999999998934 370.25 188.5
2 282.125 435.875 355.875 639.125
2 322.0 123.125 410.0 367.875
2 331.25 550.0 390.75 637.0
2 346.0 282.875 481.0 604.125
2 448.5 376.99999999999994 560.5 639.0
2 459.75 128.25 540.25 397.75
2 519.5 46.99999999999999 639.5 348.0
2 537.0 295.25 634.0 616.75
2 607.5 359.87500000000006 639.5 514.125
