3 215.875 185.87500000000003 274.125 255.125
3 0.0 365.50000000000006 55.0 511.5
3 5.0 487.75 109.0 639.25
3 54.49999999999999 339.25 157.5 526.75
3 104.25 500.75 197.75 639.25
3 153.75 356.0 256.25 514.0
3 206.74999999999997 511.5 296.25 639.5
3 252.0 362.875 333.0 524.125
3 299.0 501.99999999999994 394.0 639.0
3 339.74999999999994 359.75 436.25 513.25
3 399.00000000000006 479.5 480.0 639.5
3 436.25 343.87499999999994 505.75 492.125
3 472.12500000000006 487.875 556.875 636.125
3 505.25 347.5 595.75 500.5
3 564.125 476.0 629.875 638.0
3 595.5 349.74999999999994 639.5 496.25
