3 215.75 185.75 274.25 255.25000000000003
3 0.0 365.50000000000006 55.0 511.5
3 5.0 487.75 109.0 639.25
3 54.25 339.12499999999994 157.75 526.875
3 104.125 500.875 197.875 639.125
3 153.5 356.0 256.5 514.0
3 206.875 511.5 296.125 639.5
3 252.0 362.875 333.0 524.125
3 299.0 501.99999999999994 394.0 639.0
3 339.74999999999994 359.75 436.25 513.25
3 399.00000000000006 479.5 480.0 639.5
3 436.5 343.75 505.50000000000006 492.24999999999994
3 472.25 487.75000000000006 556.75 636.25
3 505.12499999999994 347.75 595.875 500.25
3 564.25 476.0 629.75 638.0
3 595.5 349.49999999999994 639.5 496.5
