0 0.1250000000000001 251.125 5.874999999999999 270.875
0 0.0 299.0 14.0 318.0
0 0.5000000000000004 126.0 17.5 151.0
0 3.2499999999999973 594.0 42.75 639.0
0 47.74999999999999 325.75 126.25 438.25
0 50.24999999999999 490.75 131.75 604.25
0 112.12499999999999 414.875 189.875 536.125
0 112.12499999999999 298.5 199.875 418.5
0 128.875 521.75 155.125 578.25
0 143.125 173.125 220.875 264.875
0 214.24999999999997 205.49999999999997 283.75 313.5
0 324.5 175.87500000000003 382.5 276.125
0 343.75 462.25 409.25 611.75
0 371.0 254.875 396.99999999999994 287.125
0 379.0 179.0 446.0 282.0
0 407.0 344.25 427.0 378.75
0 428.25 180.49999999999997 471.75 262.5
0 439.75 96.49999999999999 508.24999999999994 205.5
0 462.875 549.875 480.12499999999994 575.125
0 469.0 576.875 476.99999999999994 594.125
0 470.0 505.0 479.00000000000006 514.0
0 470.125 430.0 479.875 452.0
0 478.00000000000006 624.0 501.0 639.0
0 481.5 544.25 489.49999999999994 575.75
0 481.99999999999994 480.25 496.0 502.75
0 490.12499999999994 265.0 547.875 322.0
0 502.87499999999994 89.5 578.125 203.5
0 522.5 552.25 542.5 571.75
0 531.5 398.125 551.5 430.87500000000006
0 545.5 601.875 565.5 636.125
0 582.125 135.125 639.875 247.87499999999997
