3 230.0 463.00000000000006 249.0 491.0
3 236.25 245.0 251.74999999999997 271.0
3 249.5 230.125 261.5 254.875
3 261.875 255.99999999999997 278.125 277.0
3 281.0 267.125 293.0 285.875
3 288.0 524.125 306.0 542.875
3 288.875 568.25 301.125 605.75
3 301.125 210.99999999999997 307.875 233.0
3 306.0 267.5 320.0 295.5
3 310.125 425.5 371.875 535.5
3 313.75 199.12499999999997 334.25 228.875
3 328.24999999999994 295.5 337.75 310.5
3 335.0 270.75 357.0 295.25
3 338.0 314.0 355.0 336.0
3 348.00000000000006 104.5 374.0 145.5
3 409.00000000000006 411.75 470.0 498.25
3 439.875 92.5 500.125 184.5
3 448.49999999999994 352.0 467.5 388.0
3 457.75 336.0 472.25 356.0
3 476.12500000000006 295.5 495.875 321.5
3 480.12499999999994 276.5 495.875 296.5
3 527.875 389.0 544.125 411.0
3 539.75 132.875 558.25 166.125
3 542.25 280.25 555.75 307.75
3 549.5 524.125 635.5 632.875
3 554.5 363.125 578.5 387.87499999999994
3 571.0 376.125 584.0 399.875
3 579.25 129.0 598.75 164.0
3 620.0 473.75 638.0 551.25
3 632.25 259.0 639.75 299.0
