3 349.74999999999994 410.25 426.25 445.74999999999994
3 156.25000000000003 383.75 220.75000000000003 403.25
3 156.125 403.125 222.87499999999997 432.87499999999994
3 217.875 376.25 252.125 409.74999999999994
3 222.5 406.50000000000006 250.49999999999997 437.5
3 250.75 371.50000000000006 297.25 412.5
3 252.25 410.5 319.75 445.5
3 280.0 360.25 310.0 377.75
3 302.0 363.75 345.0 391.25
3 316.875 380.12499999999994 371.125 407.875
3 320.0 416.5 335.0 440.50000000000006
3 379.125 380.0 445.875 414.00000000000006
