3 349.875 410.12499999999994 426.125 445.875
3 156.125 383.875 220.87500000000003 403.125
3 156.25 403.24999999999994 222.75 432.75
3 217.875 376.25 252.125 409.74999999999994
3 222.5 406.50000000000006 250.49999999999997 437.5
3 250.875 371.75000000000006 297.125 412.25
3 252.12500000000003 410.25 319.875 445.74999999999994
3 280.0 360.25 310.0 377.75
3 302.0 363.875 345.0 391.125
3 316.875 380.12499999999994 371.125 407.875
3 320.0 416.5 335.0 440.50000000000006
3 379.25 380.0 445.75 414.00000000000006
