0 28.75 179.5 124.25 263.5
0 20.49999999999999 154.12499999999997 312.5 484.875
0 214.75 390.75 639.25 639.25
0 315.875 147.0 639.125 420.0
3 368.0 404.25 517.0 581.75
3 213.5 524.0 323.5 639.0
3 306.99999999999994 551.75 444.0 639.25
3 316.875 152.49999999999997 426.125 330.5
3 359.125 266.5 388.87499999999994 422.5
3 443.5 145.125 533.5 182.87499999999997
3 449.25 578.0 570.75 639.0
3 519.75 159.875 576.25 201.125
3 529.5 457.75 639.5 638.25
3 593.5 168.75 635.5 191.25
3 598.875 607.0 639.125 639.0
