2 18.25 504.25 55.75 590.75
2 79.0 514.25 120.0 630.75
2 107.875 354.25 137.125 405.75
2 124.875 224.5 151.125 256.5
2 160.99999999999997 79.0 192.0 136.0
2 187.125 407.875 261.875 491.12500000000006
2 224.0 35.125 250.0 63.875
2 259.0 440.5 279.0 479.5
2 278.5 41.5 311.5 119.50000000000001
2 310.0 213.49999999999997 335.0 274.5
2 334.875 519.875 383.125 582.125
2 349.0 86.0 363.00000000000006 112.99999999999999
2 354.5 608.25 372.5 639.75
2 392.0 399.49999999999994 437.0 433.5
2 396.5 35.25 425.50000000000006 98.75
2 396.75 182.75 426.25 246.25
2 422.5 606.5 437.5 639.5
2 425.875 50.00000000000001 459.125 141.0
2 436.5 318.0 458.5 352.0
2 466.99999999999994 245.25 509.0 292.75
2 500.12499999999994 31.875 515.875 67.125
2 521.0 21.75 553.0 98.25
2 525.25 544.25 553.75 611.75
