2 18.25 504.25 55.75 590.75
2 79.0 514.125 120.0 630.875
2 107.75 354.5 137.25 405.5
2 124.75000000000001 224.5 151.25 256.5
2 160.99999999999997 79.0 192.0 136.0
2 187.24999999999997 407.75000000000006 261.75 491.25
2 224.0 35.125 250.0 63.875
2 259.0 440.25 279.0 479.75
2 278.25 41.5 311.75 119.50000000000001
2 310.0 213.49999999999997 335.0 274.5
2 334.75 519.75 383.24999999999994 582.25
2 349.0 86.0 363.00000000000006 112.99999999999999
2 354.5 608.25 372.5 639.75
2 392.0 399.49999999999994 437.0 433.5
2 396.25 35.125 425.75 98.875
2 396.875 182.87499999999997 426.125 246.125
2 422.25 606.25 437.75 639.75
2 425.875 50.00000000000001 459.125 141.0
2 436.5 318.0 458.5 352.0
2 466.99999999999994 245.125 509.0 292.875
2 500.25 31.750000000000004 515.75 67.25
2 521.0 21.875 553.0 98.125
2 525.125 544.125 553.875 611.875
