3 83.0 263.75 105.0 284.25
3 86.00000000000001 243.875 100.0 267.125
3 102.5 314.99999999999994 115.5 340.99999999999994
3 104.24999999999999 225.0 119.75 251.0
3 109.5 498.0 120.5 513.0
3 111.75 473.5 124.25 494.49999999999994
3 114.5 186.25 134.5 210.75000000000003
3 118.0 414.75 132.0 433.24999999999994
3 134.5 389.0 146.5 416.99999999999994
3 134.5 321.0 151.5 341.0
3 135.0 289.5 157.0 317.5
3 139.25 274.25 154.75 292.75
3 144.25 420.875 163.75 439.125
3 150.0 195.99999999999997 167.0 212.0
3 156.125 314.0 176.875 336.0
3 174.5 437.0 195.5 470.0
3 178.125 333.5 193.87500000000003 359.49999999999994
3 181.12499999999997 299.125 201.875 329.875
3 182.24999999999997 421.99999999999994 195.75 444.0
3 201.0 329.75 219.0 348.24999999999994
3 204.0 418.24999999999994 221.0 457.75
3 206.25 289.5 223.75 315.5
3 226.25 248.49999999999997 245.75000000000003 280.5
3 227.5 394.75 250.49999999999997 424.25000000000006
3 236.25 344.49999999999994 245.75000000000003 366.5
3 245.875 262.5 263.125 282.5
3 247.75 270.875 272.25 289.125
3 252.5 350.50000000000006 259.5 376.5
3 265.75 337.25 272.25 355.74999999999994
3 272.5 411.25 291.5 447.75000000000006
3 307.75 432.0 316.25 458.0
3 317.125 418.24999999999994 328.87499999999994 439.75
3 326.99999999999994 406.25 344.0 435.75
3 334.25 436.875 351.75 451.125
3 344.0 406.25 361.0 433.75
3 351.5 369.0 365.50000000000006 389.0
3 354.0 389.0 363.00000000000006 401.99999999999994
3 378.00000000000006 393.125 396.0 422.87499999999994
