3 0.0 358.0 52.0 582.0
3 0.0 150.5 82.0 374.5
3 0.1249999999999929 4.875000000000007 111.875 175.125
3 45.74999999999999 305.75 151.25 504.25
3 74.25 142.75000000000003 156.75 289.25
3 95.00000000000001 361.125 292.0 626.875
3 107.50000000000001 143.0 289.5 361.0
3 221.99999999999994 203.0 429.0 462.0
3 264.25 122.875 393.75 206.12499999999997
3 293.00000000000006 454.25000000000006 371.0 507.75
3 367.12500000000006 351.75 571.875 618.25
3 376.25 146.0 549.75 365.0
3 510.125 299.0 639.875 514.0
