3 2.0000000000000018 362.75 70.0 420.25
3 4.999999999999998 161.50000000000003 41.0 229.5
3 9.0 284.125 54.0 362.875
3 17.0 67.875 67.0 137.125
3 35.0 133.25 91.0 210.75
3 46.0 232.25 93.0 314.75
3 51.0 428.24999999999994 80.0 502.75
3 51.99999999999999 318.5 117.0 398.5
3 54.0 496.0 117.00000000000001 596.0
3 69.0 62.75 142.0 165.25
3 69.99999999999999 197.5 139.0 273.5
3 80.0 270.5 158.0 370.5
3 93.0 404.0 160.0 511.99999999999994
3 103.0 147.75 164.0 193.25
3 112.99999999999999 33.125 170.99999999999997 106.875
3 121.0 305.125 191.0 403.875
3 122.0 548.0 181.0 612.0
3 132.0 462.5 213.0 578.5
3 135.0 213.125 190.0 279.875
3 148.0 97.125 202.0 178.87500000000003
3 169.00000000000003 381.5 238.0 485.50000000000006
3 173.0 0.0 207.0 92.0
3 189.0 156.0 249.0 264.0
3 192.0 276.0 234.00000000000003 340.0
3 192.0 549.125 268.0 634.875
3 204.00000000000003 9.250000000000007 277.0 138.75
3 210.0 6.499999999999995 275.0 110.5
3 227.99999999999997 284.0 316.0 388.00000000000006
3 230.0 134.75 280.0 225.25
3 230.99999999999997 380.0 303.0 432.0
3 254.00000000000003 425.25 312.0 546.75
3 275.0 43.74999999999999 348.0 145.25
3 275.0 530.5 350.0 638.5
3 277.0 128.25 348.0 238.75
3 307.0 0.12499999999999734 373.0 50.875
3 306.99999999999994 332.125 374.0 438.87499999999994
3 314.0 12.125 371.0 38.875
3 336.0 400.0 436.0 532.0
3 342.0 265.25 423.0 379.75
3 366.0 126.87500000000001 451.0 225.12500000000003
3 376.0 0.0 456.99999999999994 40.0
3 382.0 495.99999999999994 478.0 620.0
3 408.0 17.250000000000007 493.0 143.75
3 415.0 324.0 500.99999999999994 444.0
3 425.0 199.87499999999997 514.0 329.125
3 442.0 351.75 553.0 489.25
3 476.0 443.87499999999994 594.0 577.125
3 480.0 577.125 576.0 638.875
3 483.00000000000006 78.875 589.0 220.125
3 506.0 266.75 587.0 404.25
3 548.0 0.0 632.0 92.0
3 567.0 218.75 639.0 384.25
3 571.0 390.75 639.0 516.25
3 577.0 98.87500000000001 639.0 232.125
3 577.0 514.75 639.0 633.25
