3 0.0 395.125 90.0 539.875
3 107.0 424.75 211.0 582.25
3 167.24999999999997 328.75 265.75 482.24999999999994
3 244.75 332.5 317.25 476.50000000000006
3 274.125 491.875 340.875 621.125
3 388.125 607.0 404.875 625.0
3 432.875 484.25000000000006 452.125 517.75
3 469.0 411.50000000000006 486.99999999999994 437.5
3 473.5 433.0 483.5 460.0
3 506.25 351.75 518.75 374.25
3 533.5 402.24999999999994 548.5 418.75
3 541.0 384.75 553.0 400.25
3 553.0 326.12500000000006 567.0 337.875
3 554.875 376.875 563.125 389.12499999999994
3 562.125 344.25000000000006 567.875 359.75
