3 67.5 135.0 86.5 171.0
3 67.5 61.49999999999999 89.5 85.49999999999999
3 115.75 160.0 143.25 194.0
3 148.5 56.0 172.5 78.0
3 154.99999999999997 200.5 177.99999999999997 233.49999999999997
3 167.0 71.0 197.0 95.0
3 169.00000000000003 39.75 193.0 69.25
3 176.0 196.0 206.0 226.0
3 185.0 29.125 215.0 55.875
3 202.0 2.0000000000000018 227.0 25.0
3 294.5 117.0 337.5 148.0
3 301.5 374.00000000000006 325.50000000000006 410.0
3 316.5 350.5 346.5 384.5
3 372.24999999999994 455.875 393.75 495.12499999999994
3 412.0 544.875 432.0 564.125
3 424.0 285.0 453.00000000000006 316.0
3 432.0 262.0 462.0 288.0
3 454.125 179.5 483.87499999999994 213.49999999999997
3 522.25 564.25 545.75 597.75
3 590.25 591.75 619.75 621.25
3 591.0 499.74999999999994 616.0 531.25
