3 67.75 135.0 86.25 171.0
3 67.5 61.49999999999999 89.5 85.49999999999999
3 115.75 160.0 143.25 194.0
3 148.5 56.0 172.5 78.0
3 154.99999999999997 200.5 177.99999999999997 233.49999999999997
3 167.0 71.0 197.0 95.0
3 169.00000000000003 39.875 193.0 69.125
3 176.0 196.0 206.0 226.0
3 185.0 29.125 215.0 55.875
3 202.0 2.0000000000000018 227.0 25.0
3 294.5 117.0 337.5 148.0
3 301.5 374.00000000000006 325.50000000000006 410.0
3 316.5 350.5 346.5 384.5
3 372.5 455.74999999999994 393.49999999999994 495.25
3 412.0 544.75 432.0 564.25
3 424.0 285.0 453.00000000000006 316.0
3 432.0 262.0 462.0 288.0
3 454.25 179.5 483.75 213.49999999999997
3 522.5 564.5 545.5 597.5
3 590.125 591.875 619.875 621.125
3 591.0 499.74999999999994 616.0 531.25
