3 202.5 226.5 212.5 262.5
3 222.125 302.875 246.875 333.125
3 289.0 321.25 303.0 350.75
3 300.5 273.125 318.5 291.875
3 307.75 347.0 322.25 377.0
3 308.125 296.125 329.875 328.875
3 311.0 197.125 326.99999999999994 230.875
3 315.875 337.75 332.125 358.24999999999994
3 318.125 164.0 344.875 196.0
3 330.74999999999994 210.49999999999997 350.25 237.5
3 370.0 116.00000000000001 400.0 155.0
3 455.74999999999994 479.75 470.25 518.25
3 470.25 489.25 490.74999999999994 535.75
3 485.0 288.125 495.0 322.875
3 505.875 284.125 530.125 314.875
3 509.75 336.0 538.25 371.0
3 544.25 341.0 559.75 373.00000000000006
3 581.125 317.125 598.875 355.875
3 589.5 204.24999999999997 609.5 243.75
