3 0.2499999999999991 3.75 55.74999999999999 82.25
3 0.0 200.125 61.0 324.875
3 0.0 16.500000000000004 65.0 77.5
3 0.0 81.25 68.0 200.75
3 0.0 82.0 88.0 193.0
3 0.0 333.75 97.0 533.25
3 0.0 332.75000000000006 103.0 544.25
3 3.999999999999999 208.125 58.00000000000001 324.875
3 29.000000000000004 462.875 207.99999999999997 639.125
3 30.999999999999996 461.75 201.0 639.25
3 58.00000000000001 240.0 155.0 363.0
3 58.25 0.25000000000000355 191.75 93.75
3 58.00000000000001 3.8750000000000018 193.0 90.125
3 60.25 238.0 175.75000000000003 352.0
3 60.499999999999986 42.000000000000014 238.5 266.0
3 65.0 45.875 235.0 262.125
3 111.74999999999999 225.0 306.25 492.0
3 112.0 226.25 311.0 488.75
3 193.0 0.0 338.0 85.0
3 196.5 1.25 348.5 88.75
3 198.25 343.875 355.75 566.125
3 204.125 340.0 351.875 565.0
3 216.5 370.50000000000006 397.5 603.5
3 225.87500000000003 174.875 270.125 226.125
3 228.125 93.50000000000001 345.875 167.5
3 236.0 88.875 326.0 173.125
3 236.0 365.74999999999994 390.0 590.25
3 237.5 96.0 292.5 166.0
3 258.0 125.5 435.0 350.5
3 270.5 118.0 435.5 348.0
3 307.49999999999994 525.5 488.49999999999994 629.5
3 309.0 510.75 491.0 639.25
3 315.00000000000006 532.0 359.00000000000006 591.0
3 334.00000000000006 0.0 508.0 92.0
3 336.0 0.0 503.00000000000006 92.0
3 338.5 314.25 469.49999999999994 440.75
3 340.5 103.49999999999997 501.50000000000006 274.5
3 370.50000000000006 318.5 471.5 440.50000000000006
3 414.5 392.875 638.5 609.125
3 437.875 67.75 589.125 332.25
3 481.5 346.75000000000006 558.5 385.25
3 504.25 0.0 633.75 123.0
3 505.75 0.1249999999999929 634.25 126.875
3 526.5 248.875 634.5 389.125
3 528.125 252.125 639.875 380.875
3 547.75 459.5 621.25 639.5
3 550.0 381.75 637.0 639.25
3 560.25 387.75000000000006 639.75 639.25
3 579.5 112.25000000000001 639.5 259.75
3 582.25 129.125 639.75 254.87499999999997
