3 173.0 172.12500000000003 183.0 199.875
3 207.99999999999997 152.75 215.0 172.25
3 213.0 209.5 218.0 228.49999999999997
3 235.25 142.25 247.75 156.75
3 252.00000000000003 162.75000000000003 260.0 179.25
3 267.0 152.75000000000003 277.0 179.25
3 274.0 226.12499999999997 294.0 241.875
3 279.75 90.87499999999999 292.25 113.125
3 282.25 215.25000000000003 294.75 231.75
3 294.875 246.5 302.125 272.5
3 307.75 93.875 316.25 120.125
3 326.25 291.125 339.74999999999994 308.875
3 326.99999999999994 40.125 336.0 59.875
3 343.87499999999994 99.75 352.125 120.25
3 351.5 275.0 358.5 286.0
3 351.125 139.125 361.875 158.875
3 351.125 183.875 363.875 202.12500000000003
3 353.5 285.75 363.5 304.25
3 359.0 209.75 374.0 235.25
3 360.75 110.24999999999999 373.25 133.75
3 363.75 66.25 370.25000000000006 89.75
3 366.875 140.125 386.125 165.87500000000003
3 379.0 26.750000000000004 383.00000000000006 47.25
3 383.00000000000006 54.125 389.0 66.875
3 394.0 137.125 413.00000000000006 156.875
3 401.0 199.00000000000003 409.0 222.0
3 401.75 186.5 408.25 196.5
3 403.0 401.5 413.0 431.5
3 411.0 199.00000000000003 421.0 222.0
3 413.125 51.0 422.87499999999994 74.0
3 418.875 183.125 420.125 195.875
3 425.875 135.875 445.12499999999994 150.125
3 436.125 100.5 443.875 122.5
3 455.25 188.75 460.74999999999994 203.25000000000003
3 455.87500000000006 417.125 468.125 443.87499999999994
3 473.25 385.0 485.75 415.0
3 475.875 496.125 482.125 509.875
3 489.5 435.25 504.5 452.75
3 490.0 162.75 497.0 182.25
3 491.0 189.0 501.0 200.0
3 495.5 314.5 504.5 338.5
3 497.0 470.875 508.0 496.12500000000006
3 527.0 24.25 535.0 53.75
3 534.5 165.875 540.5 179.125
3 535.0 76.25 545.0 90.75
3 537.75 134.0 550.25 160.0
3 539.5 188.25 547.5 209.74999999999997
3 545.0 92.99999999999999 552.0 104.0
3 546.75 388.25 565.25 403.75
3 547.75 278.125 556.25 295.875
3 553.0 191.875 562.0 212.125
3 554.125 41.125 562.875 57.87500000000001
3 554.25 312.75 562.75 331.25
3 555.125 140.125 567.875 156.875
3 560.25 272.75 571.75 291.25
3 564.5 216.75 572.5 233.25
3 565.5 340.74999999999994 574.5 357.25
3 566.875 149.125 579.125 168.875
3 567.0 377.75 587.0 390.25
3 574.5 221.875 582.5 238.125
3 575.0 179.5 580.0 205.5
3 577.0 355.25 585.0 371.75000000000006
3 584.75 180.25 592.25 199.75
3 584.75 224.75 596.25 246.25
3 587.5 334.25 596.5 350.75
3 587.875 229.875 599.125 249.12499999999997
3 592.5 368.25 601.5 381.75
3 596.5 261.75 606.5 281.25
3 597.5 384.25 606.5 410.75
3 602.5 307.75 611.5 325.25
3 619.875 142.125 627.125 162.875
3 626.5 146.0 634.5 159.0
3 627.125 232.0 633.875 253.0
