0 1.7499999999999982 347.75000000000006 54.25 436.25
0 30.250000000000004 306.75 73.75 394.25
0 58.5 40.50000000000001 271.5 341.50000000000006
0 98.50000000000001 335.0 139.5 425.0
0 127.12500000000003 445.0 209.875 544.0
0 149.875 521.125 229.12499999999997 638.875
0 233.25 412.5 291.75 519.5
0 239.125 273.0 285.875 340.0
0 264.875 351.875 312.125 420.125
0 272.25 131.5 321.75 221.5
0 318.0 204.125 360.0 284.875
0 354.125 429.0 515.875 639.0
0 444.87500000000006 137.75 517.125 226.25
0 530.875 69.75 639.125 230.25
0 543.0 557.0 564.0 603.0
0 556.25 540.0 573.75 575.0
0 593.25 500.0 614.75 522.0
