0 1.4999999999999991 347.5 54.49999999999999 436.50000000000006
0 30.125 306.87499999999994 73.875 394.12499999999994
0 58.24999999999999 40.25000000000002 271.75 341.75
0 98.50000000000001 335.0 139.5 425.0
0 127.25000000000001 445.0 209.75 544.0
0 149.875 521.125 229.12499999999997 638.875
0 233.25 412.5 291.75 519.5
0 239.25 273.0 285.75 340.0
0 264.75 351.75000000000006 312.25 420.25
0 272.5 131.5 321.5 221.5
0 318.0 204.24999999999997 360.0 284.75
0 354.25 429.0 515.75 639.0
0 444.87500000000006 137.75 517.125 226.25
0 530.75 69.5 639.25 230.5
0 543.0 557.0 564.0 603.0
0 556.5 540.0 573.5 575.0
0 593.25 500.0 614.75 522.0
