0 447.0 442.5 492.0 517.5
0 88.0 609.5 113.0 639.5
0 101.0 164.0 127.00000000000001 204.0
0 152.5 358.5 181.5 396.5
0 191.0 278.0 215.0 320.0
0 251.25 87.5 280.75 126.49999999999999
0 307.0 302.75 335.0 347.25
0 318.25 0.0 348.75 27.0
0 330.0 223.75 347.0 253.25000000000003
0 337.75 194.74999999999997 354.25000000000006 234.25
0 353.5 186.0 381.5 231.0
0 421.0 209.5 448.00000000000006 255.5
0 435.0 188.5 463.0 221.5
0 478.25 281.5 506.75 330.50000000000006
0 519.75 130.5 564.25 187.5
0 525.25 423.5 552.75 466.5
0 564.5 99.75 605.5 139.25
0 594.5 311.75000000000006 621.5 342.25
