3 231.875 459.87500000000006 280.125 529.125
3 0.0 497.0 44.0 535.0
3 29.125 450.12499999999994 74.875 502.875
3 45.0 500.875 95.0 530.125
3 50.25 400.75 102.75 461.25
3 75.5 450.0 126.49999999999999 507.0
3 100.49999999999999 433.24999999999994 143.5 482.75
3 105.75 502.875 138.25 540.125
3 159.875 506.12500000000006 205.125 535.875
3 181.50000000000003 451.25 224.5 510.75
3 207.99999999999997 500.12499999999994 255.0 535.875
3 217.125 418.0 257.875 470.0
3 263.5 509.25 300.5 535.75
3 302.0 434.125 324.0 472.875
3 301.875 468.00000000000006 326.125 524.0
3 303.5 417.0 332.5 467.0
3 317.25 506.25 346.75000000000006 533.75
3 346.25 483.875 369.74999999999994 520.125
3 351.75 512.25 383.25 535.75
3 359.25 443.25 385.75 480.75
3 383.24999999999994 479.74999999999994 422.75 526.25
3 400.125 514.125 423.875 532.875
3 408.125 480.0 443.875 523.0
3 434.125 512.125 463.87499999999994 535.875
3 454.5 481.0 487.5 524.0
