3 231.875 459.87500000000006 280.125 529.125
3 0.0 497.0 44.0 535.0
3 29.250000000000004 450.25 74.75 502.75
3 45.0 500.74999999999994 95.0 530.25
3 50.25 400.75 102.75 461.25
3 75.75 450.0 126.25 507.0
3 100.24999999999999 433.125 143.75 482.87499999999994
3 105.75 502.875 138.25 540.125
3 159.875 506.12500000000006 205.125 535.875
3 181.75 451.12500000000006 224.25 510.875
3 207.99999999999997 500.12499999999994 255.0 535.875
3 217.125 418.0 257.875 470.0
3 263.75 509.125 300.25 535.875
3 302.0 434.25000000000006 324.0 472.75
3 301.875 468.00000000000006 326.125 524.0
3 303.5 417.0 332.5 467.0
3 317.125 506.125 346.875 533.875
3 346.25 483.875 369.74999999999994 520.125
3 351.875 512.125 383.125 535.875
3 359.125 443.125 385.875 480.87500000000006
3 383.125 479.875 422.87499999999994 526.125
3 400.25000000000006 514.25 423.75 532.75
3 408.25 480.0 443.75 523.0
3 434.25 512.25 463.75 535.75
3 454.25000000000006 481.0 487.75 524.0
