3 0.0 452.25 59.0 509.75
3 0.0 100.5 66.0 196.5
3 0.0 0.0 175.0 231.0
3 0.0 393.87499999999994 192.0 512.125
3 1.0000000000000009 34.75000000000001 66.0 108.25
3 16.0 0.0 74.0 69.0
3 59.0 103.50000000000001 87.0 172.5
3 66.0 456.5 122.0 486.5
3 66.0 148.875 139.0 198.125
3 82.0 37.5 151.0 145.5
3 110.0 402.75 167.0 482.25
3 133.0 34.5 173.0 88.50000000000001
3 161.0 402.875 184.0 452.125
3 238.0 0.0 577.0 401.0
3 261.0 0.12499999999999956 286.0 22.874999999999996
3 269.0 27.124999999999993 292.0 79.875
3 274.0 69.25 311.0 115.75
3 276.0 205.75000000000003 304.0 261.25
3 279.0 261.75 309.0 318.25
3 283.0 3.2500000000000018 307.0 46.75
3 299.0 19.875 332.0 66.125
3 309.0 199.75 349.0 276.25
3 316.0 127.5 336.99999999999994 145.5
3 319.0 64.50000000000001 336.99999999999994 121.5
3 319.0 264.25 355.0 289.75
3 324.0 0.12499999999999956 346.99999999999994 34.875
3 334.0 88.875 368.00000000000006 153.125
3 343.0 39.25 363.0 91.75
3 344.00000000000006 18.0 370.0 45.0
3 360.0 237.5 395.99999999999994 303.5
3 361.99999999999994 0.0 371.0 30.0
3 365.0 66.0 390.99999999999994 99.0
3 365.0 187.99999999999997 405.99999999999994 245.0
3 372.0 88.875 408.0 150.125
3 376.0 3.2500000000000018 396.0 46.75
3 378.0 45.24999999999999 403.0 91.75
3 408.0 260.0 437.0 299.0
3 411.0 202.99999999999997 439.0 245.0
3 411.0 111.125 446.99999999999994 184.875
3 419.0 217.875 469.0 294.125
3 427.0 88.5 460.0 130.5
3 445.0 288.25 490.0 345.75
3 467.0 183.125 500.0 253.87500000000003
3 481.99999999999994 247.875 531.0 318.125
3 493.00000000000006 317.125 541.0 363.87499999999994
3 513.0 213.125 547.0 283.875
3 527.0 282.5 579.0 351.5
