3 254.75 429.25 352.25 500.75
3 53.00000000000001 319.0 128.0 401.0
3 174.12499999999997 390.0 249.875 473.0
3 183.75 357.25 246.25 409.75
3 193.5 318.25 262.5 373.75
3 253.87500000000003 337.5 318.125 407.5
3 372.25 269.75 437.75 345.25
3 406.99999999999994 459.875 476.0 548.125
3 414.5 249.0 447.5 296.0
3 426.99999999999994 294.75 509.0 370.25
3 443.75 230.125 496.25 297.875
3 467.0 210.5 503.0 233.49999999999997
3 492.5 201.0 564.5 286.0
3 501.99999999999994 276.5 581.0 363.5
3 555.75 233.49999999999997 587.25 294.5
