3 443.75 97.12499999999999 512.25 206.875
3 101.25 125.25000000000003 157.75 211.75
3 102.0 93.99999999999999 143.0 155.0
3 109.25 159.00000000000003 180.75 273.0
3 153.0 107.0 188.0 148.0
3 172.25 118.125 217.75 180.875
3 177.12500000000003 152.12500000000003 253.875 259.875
3 195.12500000000003 226.125 281.875 324.875
3 221.875 116.0 256.125 171.0
3 261.0 147.50000000000003 325.0 254.50000000000003
3 303.74999999999994 78.25 372.24999999999994 189.75
3 326.99999999999994 174.87499999999997 394.0 278.125
3 369.74999999999994 86.25 436.25 195.75
3 394.25000000000006 206.875 467.75 314.125
3 463.5 208.25 548.5 329.75
3 514.5 177.24999999999997 546.5 236.75
