3 443.49999999999994 97.25 512.5 206.74999999999997
3 101.12499999999999 125.12500000000001 157.875 211.875
3 102.0 93.99999999999999 143.0 155.0
3 109.125 159.00000000000003 180.875 273.0
3 153.0 107.0 188.0 148.0
3 172.25 118.125 217.75 180.875
3 177.12500000000003 152.12500000000003 253.875 259.875
3 195.25000000000003 226.25 281.75 324.75
3 221.74999999999997 116.0 256.25 171.0
3 261.0 147.50000000000003 325.0 254.50000000000003
3 303.5 78.5 372.5 189.5
3 326.99999999999994 174.74999999999997 394.0 278.25
3 369.875 86.125 436.125 195.875
3 394.5 206.75 467.5 314.25
3 463.75 208.125 548.25 329.875
3 514.5 177.125 546.5 236.875
