3 15.750000000000002 380.75 152.25 552.25
3 72.75 562.75 156.25 639.25
3 95.0 0.25000000000000355 218.0 148.75
3 117.75 163.25000000000003 178.25 248.75
3 182.00000000000003 270.75 285.0 432.24999999999994
3 190.87500000000003 403.0 316.125 589.0
3 205.75 113.875 308.25 265.125
3 220.125 6.25 314.875 117.75
3 252.125 548.25 377.875 639.75
3 301.0 0.0 396.0 99.0
3 316.25 173.125 403.75 254.87499999999997
3 345.50000000000006 223.75 481.5 400.25
3 386.0 529.75 519.0 639.25
3 403.75 39.75 474.25 154.25
3 435.25000000000006 365.5 523.75 507.5
3 464.25 0.2499999999999991 555.75 74.75
3 480.99999999999994 207.875 550.0 317.125
3 525.5 476.99999999999994 639.5 604.0
3 535.125 585.5 639.875 639.5
3 586.75 0.0 616.25 67.0
3 621.25 48.75 639.75 184.25
