3 15.875000000000004 380.875 152.125 552.125
3 72.875 562.875 156.125 639.125
3 95.0 0.25000000000000355 218.0 148.75
3 117.87500000000001 163.125 178.125 248.87500000000003
3 182.00000000000003 270.875 285.0 432.125
3 190.75000000000003 403.0 316.25 589.0
3 205.49999999999997 113.75 308.5 265.25
3 220.25 6.5000000000000036 314.75 117.5
3 252.125 548.25 377.875 639.75
3 301.0 0.0 396.0 99.0
3 316.5 173.25 403.5 254.74999999999997
3 345.50000000000006 223.875 481.5 400.125
3 386.0 529.875 519.0 639.125
3 403.75 39.75 474.25 154.25
3 435.25000000000006 365.5 523.75 507.5
3 464.125 0.12500000000000178 555.875 74.875
3 480.99999999999994 207.75 550.0 317.25
3 525.5 476.99999999999994 639.5 604.0
3 535.25 585.5 639.75 639.5
3 586.875 0.0 616.125 67.0
3 621.125 48.875 639.875 184.125
