3 15.875000000000004 380.875 152.125 552.125
3 72.75 562.75 156.25 639.25
3 95.0 0.12500000000000178 218.0 148.875
3 117.75 163.25000000000003 178.25 248.75
3 182.00000000000003 270.875 285.0 432.125
3 190.75000000000003 403.0 316.25 589.0
3 205.75 113.875 308.25 265.125
3 220.125 6.25 314.875 117.75
3 252.25 548.5 377.75 639.5
3 301.0 0.0 396.0 99.0
3 316.5 173.25 403.5 254.74999999999997
3 345.50000000000006 223.875 481.5 400.125
3 386.0 529.875 519.0 639.125
3 403.5 39.49999999999999 474.49999999999994 154.5
3 435.25000000000006 365.5 523.75 507.5
3 464.125 0.12500000000000178 555.875 74.875
3 480.99999999999994 207.75 550.0 317.25
3 525.5 476.99999999999994 639.5 604.0
3 535.25 585.5 639.75 639.5
3 586.75 0.0 616.25 67.0
3 621.25 48.75 639.75 184.25
