2 9.0 287.875 59.0 406.12500000000006
2 84.5 527.0 130.5 611.0
2 120.12500000000001 398.0 140.875 438.0
2 137.0 561.5 164.00000000000003 613.5
2 146.75 354.49999999999994 162.24999999999997 398.5
2 175.99999999999997 457.0 223.0 552.0
2 237.24999999999997 405.0 280.75 487.0
2 250.125 251.875 273.875 302.125
2 250.0 0.0 281.0 63.0
2 251.75 90.5 290.25 182.5
2 273.25 205.99999999999997 298.75 248.0
2 285.75 438.25 312.25 476.75
2 306.25 0.0 331.75 33.0
2 307.50000000000006 254.25 346.50000000000006 350.75
2 312.25 95.5 363.75 175.5
2 343.49999999999994 280.25 367.5 313.75
2 373.5 281.25 400.50000000000006 366.75
2 420.875 95.125 497.125 277.875
2 425.0 337.24999999999994 455.99999999999994 403.75
2 457.75000000000006 355.75 476.25 406.25
2 549.5 203.75 572.5 262.25
2 566.0 225.99999999999997 634.0 346.99999999999994
2 599.5 0.2499999999999991 639.5 77.75
