1 0.0 306.0 12.0 354.0
1 23.124999999999996 314.0 68.875 491.0
1 27.0 255.5 50.0 371.5
1 61.5 306.5 92.5 371.5
1 79.75 317.875 114.24999999999999 484.125
1 94.12500000000001 303.875 131.875 375.125
1 148.49999999999997 322.5 184.5 480.5
1 209.125 304.0 242.875 490.0
1 261.75 304.75 290.25 480.25
1 349.0 200.25 381.99999999999994 249.75
1 375.74999999999994 215.875 422.25 479.125
1 401.25 170.0 639.75 628.0
1 407.24999999999994 219.25 453.75 472.75000000000006
1 421.99999999999994 233.75 431.0 317.25
1 433.875 206.875 460.125 324.125
