2 129.75 114.12500000000001 170.25 176.875
2 129.875 292.875 178.125 458.125
2 186.25 201.25 252.75 322.75
2 192.0 158.5 312.0 321.5
2 208.75 188.25 212.25 196.75
2 209.5 170.875 215.5 179.125
2 238.0 316.0 266.0 386.99999999999994
2 242.75000000000003 152.5 308.25 278.5
2 276.99999999999994 230.75 394.0 403.25
2 282.25 296.0 310.75 401.0
2 372.125 453.125 429.87500000000006 559.875
2 403.5 232.0 438.5 309.0
2 493.0 325.0 502.0 359.00000000000006
2 527.5 210.75 541.5 263.25
2 568.25 226.25 587.75 267.75
2 579.75 243.875 610.25 277.125
2 582.25 329.75 593.75 355.25
2 625.75 250.75 638.25 280.25
