2 129.75 114.12500000000001 170.25 176.875
2 129.75 292.75 178.25 458.24999999999994
2 186.25 201.25 252.75 322.75
2 192.0 158.25 312.0 321.75
2 208.875 188.125 212.12500000000003 196.875
2 209.5 170.75 215.5 179.25
2 238.0 316.0 266.0 386.99999999999994
2 242.75000000000003 152.5 308.25 278.5
2 276.99999999999994 230.875 394.0 403.125
2 282.25 296.0 310.75 401.0
2 372.125 453.125 429.87500000000006 559.875
2 403.5 232.0 438.5 309.0
2 493.0 325.0 502.0 359.00000000000006
2 527.5 210.875 541.5 263.125
2 568.5 226.5 587.5 267.5
2 579.5 243.75 610.5 277.25
2 582.125 329.875 593.875 355.125
2 625.875 250.87500000000003 638.125 280.125
