3 10.250000000000004 295.74999999999994 99.75 425.25
3 91.25 317.25 130.75 403.75
3 103.5 331.5 130.5 403.5
3 106.0 361.5 161.0 451.5
3 175.99999999999997 314.0 232.0 421.0
3 188.25 273.75 241.75 321.25
3 198.49999999999997 374.74999999999994 229.5 421.25
3 217.5 327.5 254.50000000000003 431.50000000000006
3 240.25 305.5 259.75 334.5
3 253.0 223.25000000000003 317.0 312.75
3 254.25 288.00000000000006 340.75 436.0
3 306.75000000000006 269.75 347.25 336.25
3 326.0 339.0 389.0 443.00000000000006
3 350.99999999999994 288.0 420.0 427.0
3 359.0 201.25 441.0 325.75
3 422.75 297.0 477.25 388.0
3 425.99999999999994 365.0 455.0 448.0
3 458.0 347.5 535.0 447.5
3 468.0 318.74999999999994 502.0 352.24999999999994
3 517.5 321.25 532.5 422.75000000000006
3 522.5 303.75000000000006 599.5 440.25000000000006
