3 156.5 179.25 202.5 236.75
3 197.75000000000003 226.875 218.25 268.125
3 215.99999999999997 204.00000000000003 243.0 243.0
3 259.0 197.5 282.0 241.5
3 270.875 265.0 291.125 295.0
3 307.0 258.25 329.0 281.75
3 386.875 379.0 427.12500000000006 413.00000000000006
3 438.24999999999994 97.0 472.75 146.0
3 511.25 63.5 535.75 113.5
3 520.75 113.0 554.25 159.0
3 539.5 166.75 574.5 203.25
3 588.75 190.75 629.25 228.25
3 591.5 419.0 624.5 459.0
3 606.875 324.0 639.125 379.0
3 622.25 152.25 639.75 197.75
