3 245.49999999999997 491.0 287.5 559.0
3 287.75 262.25 339.25000000000006 318.75
3 353.25 411.25 361.75 429.74999999999994
3 367.875 4.875 402.125 29.124999999999996
3 368.0 240.25000000000003 403.0 276.75
3 370.25 421.0 381.75000000000006 436.99999999999994
3 395.25 396.5 405.74999999999994 418.5
3 402.125 422.0 417.875 443.0
3 428.125 444.5 437.87499999999994 472.5
3 434.25000000000006 428.125 449.75 451.875
3 446.75000000000006 122.0 477.25 170.0
3 499.0 121.875 514.0 160.125
3 530.5 32.75 577.5 77.25
3 532.25 351.0 567.75 383.00000000000006
