3 245.49999999999997 491.0 287.5 559.0
3 287.75 262.25 339.25000000000006 318.75
3 353.125 411.125 361.875 429.875
3 367.75 4.749999999999998 402.25 29.25
3 368.0 240.25000000000003 403.0 276.75
3 370.50000000000006 421.0 381.5 436.99999999999994
3 395.12499999999994 396.5 405.875 418.5
3 402.25 422.0 417.75 443.0
3 428.24999999999994 444.5 437.75 472.5
3 434.25000000000006 428.125 449.75 451.875
3 446.75000000000006 122.0 477.25 170.0
3 499.0 121.74999999999999 514.0 160.25
3 530.25 32.875 577.75 77.125
3 532.5 351.0 567.5 383.00000000000006
