3 196.75 131.25 403.25 303.75
3 0.2499999999999991 270.0 55.74999999999999 314.0
3 0.12500000000000178 204.125 73.875 296.875
3 0.0 77.99999999999999 97.0 256.0
3 0.24999999999999467 299.25 105.75 362.75
3 0.12500000000000178 518.25 115.87499999999999 639.75
3 0.0 359.25 204.0 458.75
3 9.874999999999998 33.875 107.12499999999999 85.125
3 11.124999999999998 31.500000000000004 95.87499999999999 101.5
3 53.999999999999986 458.75 225.0 518.25
3 58.0 0.0 139.0 30.0
3 80.125 30.125 151.875 162.875
3 82.74999999999999 543.0 189.25 625.0
3 92.49999999999999 222.99999999999997 235.49999999999997 433.0
3 127.00000000000001 491.5 305.0 540.5
3 137.0 0.0 214.00000000000003 37.0
3 142.49999999999997 18.500000000000007 205.49999999999997 169.5
3 152.125 509.5 353.875 639.5
3 179.0 37.000000000000014 240.0 174.0
3 210.0 0.0 261.0 59.0
3 238.49999999999997 409.875 434.5 551.125
3 250.0 538.25 422.0 639.75
3 254.24999999999997 4.0000000000000036 323.75 145.0
3 287.5 4.0000000000000036 434.5 145.0
3 306.125 148.0 500.87500000000006 373.0
3 334.5 329.75 537.5 488.24999999999994
3 371.0 40.24999999999999 471.99999999999994 123.75
3 422.0 458.75 543.0 639.25
3 436.99999999999994 352.25 629.0 634.75
3 447.75 56.99999999999999 580.25 127.0
3 478.5 134.25 579.5 357.75000000000006
3 511.5 114.50000000000001 638.5 322.5
3 514.0 0.0 585.0 71.0
3 548.5 306.25000000000006 639.5 602.75
3 580.5 14.749999999999996 633.5 140.25
3 584.25 582.875 639.75 639.125
