3 196.75 131.25 403.25 303.75
3 0.2499999999999991 270.0 55.74999999999999 314.0
3 0.12500000000000178 204.125 73.875 296.875
3 0.0 77.99999999999999 97.0 256.0
3 0.12500000000000178 299.125 105.87499999999999 362.875
3 0.24999999999999467 518.5 115.75 639.5
3 0.0 359.25 204.0 458.75
3 9.874999999999998 33.875 107.12499999999999 85.125
3 11.124999999999998 31.500000000000004 95.87499999999999 101.5
3 53.999999999999986 458.875 225.0 518.125
3 58.0 0.0 139.0 30.0
3 80.24999999999999 30.250000000000004 151.75 162.75
3 82.875 543.0 189.125 625.0
3 92.24999999999997 222.99999999999997 235.75 433.0
3 127.00000000000001 491.5 305.0 540.5
3 137.0 0.0 214.00000000000003 37.0
3 142.24999999999997 18.25 205.75 169.75
3 152.125 509.5 353.875 639.5
3 179.0 37.000000000000014 240.0 174.0
3 210.0 0.0 261.0 59.0
3 238.49999999999997 409.875 434.5 551.125
3 250.0 538.5 422.0 639.5
3 254.5 4.0000000000000036 323.5 145.0
3 287.75 4.0000000000000036 434.25000000000006 145.0
3 306.25 148.0 500.75 373.0
3 334.5 329.75 537.5 488.24999999999994
3 371.0 40.499999999999986 471.99999999999994 123.5
3 422.0 458.75 543.0 639.25
3 436.99999999999994 352.25 629.0 634.75
3 447.5 56.99999999999999 580.5 127.0
3 478.5 134.25 579.5 357.75000000000006
3 511.5 114.50000000000001 638.5 322.5
3 514.0 0.0 585.0 71.0
3 548.25 306.12500000000006 639.75 602.875
3 580.25 14.874999999999998 633.75 140.125
3 584.25 582.875 639.75 639.125
