0 416.75 255.25000000000003 513.25 386.75000000000006
0 288.5 115.75000000000003 639.5 456.25
3 0.0 242.5 38.0 305.5
3 0.0 136.0 44.0 226.0
3 0.0 387.25 62.0 487.75
3 7.999999999999998 235.25 63.0 279.75
3 15.750000000000002 262.0 110.24999999999999 408.0
3 29.75 202.24999999999997 80.25 261.75
3 38.25 135.75 59.75000000000001 205.25000000000003
3 56.99999999999999 136.0 125.0 232.99999999999997
3 64.75 381.75 172.25 484.25
3 84.5 261.75 127.5 304.25
3 85.24999999999999 229.75 143.75 272.25
3 117.24999999999997 264.75 220.75 398.24999999999994
3 122.5 149.25 188.5 232.75000000000003
3 164.5 223.0 226.50000000000003 276.0
3 173.75 374.75 273.25 484.25000000000006
3 226.5 242.5 313.5 314.5
3 233.5 219.75 296.5 271.25
3 236.50000000000003 198.75 285.5 239.24999999999997
3 236.74999999999997 269.0 332.25 391.99999999999994
