3 104.25 188.75 152.75 250.25
3 163.75 569.125 188.25000000000003 595.875
3 175.99999999999997 543.0 177.0 570.0
3 182.24999999999997 351.0 211.75 384.0
3 182.0 295.125 219.00000000000003 338.875
3 190.99999999999997 537.0 213.0 572.0
3 198.25000000000003 18.25 238.75 66.75
3 199.0 382.0 229.0 405.0
3 201.50000000000003 331.25 225.5 368.75
3 215.99999999999997 202.00000000000003 278.0 265.0
3 231.5 388.125 263.5 424.875
3 236.25 286.0 255.75000000000003 309.0
3 245.5 256.0 278.5 309.0
3 280.5 26.875000000000004 322.5 81.125
3 302.75 96.49999999999999 357.25 162.5
3 310.75 274.75 343.25 325.25
3 312.25 153.875 347.75 179.12499999999997
3 324.5 345.5 355.5 377.5
3 367.25 423.25 386.75000000000006 443.75
3 385.0 451.12500000000006 415.0 490.875
3 385.25 312.75 421.75000000000006 355.25
3 389.87500000000006 494.25000000000006 409.125 527.75
3 405.0 375.0 437.0 418.0
3 419.0 423.75 436.99999999999994 450.25000000000006
3 423.87499999999994 483.125 442.125 510.87500000000006
3 425.0 451.25 462.0 490.75
3 437.0 377.75 477.0 424.25000000000006
