2 0.7500000000000018 301.0 74.25 494.0
2 118.0 96.25 413.0 522.75
2 385.0 198.0 449.00000000000006 292.0
2 422.75 247.99999999999997 488.24999999999994 370.0
2 432.25 118.75 496.75000000000006 221.25
2 439.0 0.0 481.99999999999994 45.0
2 484.49999999999994 187.0 551.5 303.0
2 501.5 305.5 534.5 367.5
2 504.0 96.25 566.0 200.75
2 549.5 240.75000000000003 592.5 380.25
2 565.25 176.5 610.75 243.5
2 591.25 25.250000000000004 622.75 109.75
2 593.5 243.0 631.5 313.0
2 612.75 1.0000000000000009 639.25 56.0
2 614.0 168.5 639.0 243.5
