0 108.75 570.0 210.25 640.0
0 46.00000000000001 554.0 135.0 609.0
0 115.875 466.50000000000006 235.12500000000003 512.5
0 137.75000000000003 523.5 244.25 572.5
0 168.5 470.87500000000006 232.5 543.125
0 366.125 356.99999999999994 408.875 426.0
0 381.12500000000006 453.00000000000006 462.875 576.0
0 397.5 367.875 451.50000000000006 416.12500000000006
0 400.0 414.0 463.0 453.00000000000006
0 452.875 429.125 566.125 492.875
0 458.75 563.0 604.25 609.0
0 480.12499999999994 608.25 557.875 639.75
0 573.75 610.5 639.25 639.5
