0 41.5 166.25 76.5 222.75
0 71.0 435.25 89.0 455.74999999999994
0 111.875 193.0 130.125 214.00000000000003
0 158.0 292.0 179.00000000000003 313.0
0 182.875 59.87500000000001 219.125 111.125
0 201.50000000000003 570.0 225.5 591.0
0 221.74999999999997 49.87500000000001 266.25 109.125
0 229.75 206.12499999999997 256.25 246.875
0 233.75 549.75 242.25 567.25
0 249.75 197.12500000000003 292.25 248.875
0 263.875 102.5 302.125 142.5
0 268.0 68.25 296.0 116.75
0 269.0 233.875 300.0 271.125
0 279.5 345.0 317.5 377.0
0 347.75000000000006 599.25 366.25 619.75
0 348.0 191.125 387.0 233.875
0 366.0 0.0 418.00000000000006 44.0
0 382.5 43.24999999999999 411.50000000000006 83.75
0 419.125 81.125 573.875 373.875
0 515.75 75.75 560.25 134.25
