0 41.75000000000001 166.125 76.25 222.87499999999997
0 71.0 435.12499999999994 89.0 455.875
0 111.875 193.0 130.125 214.00000000000003
0 158.0 292.0 179.00000000000003 313.0
0 182.875 59.87500000000001 219.125 111.125
0 201.50000000000003 570.0 225.5 591.0
0 221.5 49.75 266.5 109.25
0 229.5 206.25 256.5 246.74999999999997
0 233.875 549.875 242.12500000000003 567.125
0 249.75 197.12500000000003 292.25 248.875
0 263.875 102.5 302.125 142.5
0 268.0 68.25 296.0 116.75
0 269.0 233.75 300.0 271.25
0 279.5 345.0 317.5 377.0
0 347.75000000000006 599.25 366.25 619.75
0 348.0 191.25 387.0 233.75
0 366.0 0.0 418.00000000000006 44.0
0 382.25 43.125 411.75000000000006 83.875
0 419.125 81.125 573.875 373.875
0 515.75 75.75 560.25 134.25
