3 30.999999999999996 326.0 86.0 383.00000000000006
3 36.75 388.5 85.24999999999999 418.5
3 107.99999999999999 267.75 201.0 325.25
3 126.74999999999999 297.75 216.25 386.25
3 133.0 354.25 190.99999999999997 418.75
3 210.99999999999997 278.5 253.0 347.5
3 219.00000000000003 343.0 273.0 428.0
3 296.75 267.5 366.25 346.5
3 316.5 329.49999999999994 351.5 406.5
3 339.5 346.25 380.5 381.75
3 361.0 363.75 408.00000000000006 414.25
3 361.5 279.75 414.49999999999994 361.25
3 402.5 350.74999999999994 439.5 390.25
3 415.0 283.0 490.99999999999994 378.0
3 417.5 357.0 476.50000000000006 435.0
3 489.49999999999994 351.0 558.5 453.00000000000006
