3 0.12499999999999956 6.000000000000005 18.875 87.0
3 0.0 0.0 255.0 180.0
3 12.999999999999998 378.25 57.0 423.75
3 67.0 232.125 193.0 400.875
3 96.49999999999999 616.875 112.5 636.125
3 113.25000000000001 506.75 243.75 638.25
3 192.0 302.25 224.00000000000003 404.75
3 205.0 255.12500000000003 386.0 496.875
3 296.75 115.25 315.25 130.75
3 305.875 460.5 384.125 604.5
3 357.875 340.25 589.125 639.75
3 410.5 3.75 455.5 27.25
3 491.25 172.25 514.75 193.75
3 525.5 229.5 561.5 261.5
3 553.5 495.0 639.5 639.0
3 589.5 460.0 623.5 500.0
3 602.875 23.000000000000004 627.125 65.0
