3 299.75 317.75 405.25 488.24999999999994
3 0.12499999999999734 324.125 45.875 413.87499999999994
3 0.0 520.25 67.0 639.75
3 0.0 104.00000000000003 74.0 223.0
3 2.1249999999999947 218.875 89.875 334.125
3 43.5 328.0 102.5 408.0
3 55.74999999999999 344.875 156.25 450.125
3 77.00000000000001 114.25 144.0 195.75
3 97.74999999999999 38.00000000000001 184.25 160.0
3 112.25000000000001 182.75000000000003 258.75 354.25
3 122.50000000000001 428.5 209.50000000000003 550.5
3 186.12499999999997 84.12500000000001 231.875 153.875
3 214.00000000000003 464.25 258.0 556.75
3 235.875 102.99999999999999 367.125 276.0
3 250.99999999999997 461.125 366.99999999999994 621.875
3 261.25 263.0 359.75 361.0
3 333.125 47.875 411.875 212.125
3 359.75 484.0 400.25 577.0
3 364.25000000000006 206.5 407.75 324.5
