3 299.875 317.875 405.125 488.125
3 0.12499999999999734 324.125 45.875 413.87499999999994
3 0.0 520.5 67.0 639.5
3 0.0 104.00000000000003 74.0 223.0
3 2.1249999999999947 218.875 89.875 334.125
3 43.75 328.0 102.25 408.0
3 55.5 344.75 156.5 450.25
3 77.00000000000001 114.25 144.0 195.75
3 97.74999999999999 38.00000000000001 184.25 160.0
3 112.125 182.875 258.875 354.125
3 122.25000000000001 428.5 209.75 550.5
3 186.25 84.25 231.74999999999997 153.75
3 214.00000000000003 464.12499999999994 258.0 556.875
3 235.75 102.99999999999999 367.25 276.0
3 250.99999999999997 461.25 366.99999999999994 621.75
3 261.125 263.0 359.875 361.0
3 333.125 47.875 411.875 212.125
3 359.875 484.0 400.125 577.0
3 364.5 206.5 407.5 324.5
