3 32.25 176.75 51.75 200.25000000000003
3 40.25 315.50000000000006 62.75 338.5
3 70.125 295.875 92.875 325.125
3 136.5 238.5 159.5 268.5
3 144.0 463.5 157.0 494.49999999999994
3 189.00000000000003 464.49999999999994 213.0 496.5
3 199.125 593.875 216.875 633.125
3 210.87500000000003 622.875 226.125 636.125
3 221.875 451.12500000000006 229.125 477.875
3 248.0 226.25 261.0 261.75
3 342.5 69.99999999999999 357.5 93.99999999999999
3 345.5 80.75000000000001 359.5 117.25
3 415.0 418.75 428.0 443.25
3 424.00000000000006 163.49999999999997 440.0 195.5
3 432.24999999999994 189.00000000000003 458.75 222.0
3 474.25 348.00000000000006 486.75 374.0
3 476.25 331.25 486.75 350.75
3 543.125 21.125 558.875 40.875
3 576.5 130.5 591.5 153.5
3 578.875 103.0 591.125 127.0
3 617.75 413.875 630.25 453.125
3 618.5 251.875 628.5 269.125
3 625.75 230.0 638.25 265.0
