3 32.25 176.75 51.75 200.25000000000003
3 40.125 315.75 62.87500000000001 338.25
3 70.125 295.875 92.875 325.125
3 136.25 238.5 159.75 268.5
3 144.0 463.5 157.0 494.49999999999994
3 189.00000000000003 464.49999999999994 213.0 496.5
3 199.125 593.875 216.875 633.125
3 210.75000000000003 622.75 226.25 636.25
3 221.75 451.25 229.25 477.75000000000006
3 248.0 226.12499999999997 261.0 261.875
3 342.5 69.99999999999999 357.5 93.99999999999999
3 345.5 80.875 359.5 117.125
3 415.0 418.875 428.0 443.125
3 424.00000000000006 163.49999999999997 440.0 195.5
3 432.125 189.00000000000003 458.87499999999994 222.0
3 474.12499999999994 348.00000000000006 486.875 374.0
3 476.125 331.12500000000006 486.875 350.875
3 543.125 21.125 558.875 40.875
3 576.5 130.5 591.5 153.5
3 578.875 103.0 591.125 127.0
3 617.5 413.75 630.5 453.25
3 618.5 251.75 628.5 269.25
3 625.875 230.0 638.125 265.0
