3 32.25 176.75 51.75 200.25000000000003
3 40.25 315.50000000000006 62.75 338.5
3 70.25 295.75 92.75 325.25
3 136.5 238.5 159.5 268.5
3 144.0 463.75 157.0 494.25
3 189.00000000000003 464.49999999999994 213.0 496.5
3 199.25 593.75 216.75 633.25
3 210.75000000000003 622.75 226.25 636.25
3 221.75 451.25 229.25 477.75000000000006
3 248.0 226.25 261.0 261.75
3 342.25 69.99999999999999 357.75 93.99999999999999
3 345.5 80.875 359.5 117.125
3 415.0 418.75 428.0 443.25
3 424.00000000000006 163.49999999999997 440.0 195.5
3 432.24999999999994 189.00000000000003 458.75 222.0
3 474.12499999999994 348.00000000000006 486.875 374.0
3 476.125 331.12500000000006 486.875 350.875
3 543.25 21.25 558.75 40.75
3 576.25 130.25 591.75 153.75
3 578.875 103.0 591.125 127.0
3 617.5 413.75 630.5 453.25
3 618.5 251.875 628.5 269.125
3 625.875 230.0 638.125 265.0
