2 0.0 289.875 39.0 403.125
2 88.0 222.99999999999997 168.0 495.0
2 187.5 112.5 198.5 132.5
2 204.74999999999997 156.25 254.25 217.75
2 205.5 130.0 220.5 152.0
2 227.0 0.12500000000000178 298.0 113.875
2 305.125 372.0 372.875 522.0
2 333.0 134.125 347.0 169.875
2 359.75 96.875 372.25 126.125
2 367.24999999999994 130.5 378.75 156.5
2 378.875 139.0 398.125 164.0
2 417.75 83.5 430.25 114.50000000000001
2 437.875 121.125 450.12499999999994 146.875
2 530.0 474.125 592.0 610.875
2 556.5 447.25 571.5 470.74999999999994
2 564.5 126.24999999999999 639.5 216.74999999999997
