2 0.0 289.875 39.0 403.125
2 88.0 222.99999999999997 168.0 495.0
2 187.75000000000003 112.5 198.25 132.5
2 204.74999999999997 156.25 254.25 217.75
2 205.5 130.0 220.5 152.0
2 227.0 0.25000000000000355 298.0 113.75
2 305.125 372.0 372.875 522.0
2 333.0 134.125 347.0 169.875
2 359.5 96.75 372.5 126.25
2 367.125 130.5 378.87499999999994 156.5
2 378.75 139.0 398.25 164.0
2 417.875 83.75 430.12499999999994 114.25
2 437.75 121.25 450.25 146.75
2 530.0 474.25 592.0 610.75
2 556.25 447.125 571.75 470.875
2 564.25 126.12499999999999 639.75 216.875
