2 0.0 289.875 39.0 403.125
2 88.0 222.99999999999997 168.0 495.0
2 187.75000000000003 112.5 198.25 132.5
2 204.875 156.125 254.12499999999997 217.87499999999997
2 205.75 130.0 220.25000000000003 152.0
2 227.0 0.12500000000000178 298.0 113.875
2 305.125 372.0 372.875 522.0
2 333.0 134.125 347.0 169.875
2 359.75 96.875 372.25 126.125
2 367.125 130.5 378.87499999999994 156.5
2 378.75 139.0 398.25 164.0
2 417.75 83.5 430.25 114.50000000000001
2 437.875 121.125 450.12499999999994 146.875
2 530.0 474.125 592.0 610.875
2 556.5 447.25 571.5 470.74999999999994
2 564.25 126.12499999999999 639.75 216.875
