3 68.12499999999999 496.125 145.875 598.875
3 68.87500000000001 397.875 142.125 491.12500000000006
3 78.0 599.875 152.0 639.125
3 85.87499999999999 136.125 158.125 225.87500000000003
3 109.0 96.25 156.0 143.75
3 118.25000000000001 49.87500000000001 167.75000000000003 109.125
3 132.25 0.2499999999999991 186.75 46.75000000000001
3 134.25 441.5 203.75 539.5
3 137.75 178.875 212.25 242.12500000000003
3 141.0 539.75 219.0 636.25
3 155.5 113.0 211.50000000000003 182.0
3 167.75000000000003 76.875 214.25 116.125
3 177.875 34.125 217.125 82.875
3 197.75000000000003 384.25 274.25 476.75
3 206.50000000000003 140.5 269.5 226.50000000000003
3 207.12500000000003 592.25 278.875 639.75
3 222.0 43.50000000000001 284.0 89.5
3 226.5 345.50000000000006 258.5 388.5
3 226.5 30.000000000000004 266.5 58.00000000000001
3 246.875 149.75 315.125 246.25
3 270.75 438.0 347.25 533.0
3 273.0 119.75000000000001 330.0 166.25
3 275.5 539.75 345.5 636.25
3 277.0 21.500000000000004 329.0 77.5
3 280.5 63.24999999999999 338.5 133.75
3 328.24999999999994 403.75 347.75 443.25
3 357.75 73.0 394.25000000000006 127.0
3 369.49999999999994 589.125 433.5 639.875
3 374.49999999999994 490.12499999999994 448.5 595.875
3 391.75 0.12499999999999956 438.25 23.875
3 396.75 46.75 434.25 110.24999999999999
3 401.875 89.125 466.125 135.875
3 403.0 17.25 430.0 47.75
3 411.75 330.99999999999994 479.25 415.0
3 425.12499999999994 437.125 507.875 542.875
3 431.25 540.5 512.75 639.5
3 438.875 30.000000000000004 486.125 73.0
3 440.5 135.75 487.5 215.25000000000003
3 444.5 57.74999999999999 507.5 119.25
3 451.25 0.5000000000000004 502.75000000000006 21.500000000000004
3 465.99999999999994 109.125 520.0 175.875
3 476.875 344.5 512.125 410.5
3 478.00000000000006 185.5 551.0 241.50000000000003
3 478.0 378.49999999999994 555.0 467.5
3 481.875 338.875 525.125 390.125
3 504.25000000000006 53.0 549.75 93.99999999999999
3 508.24999999999994 583.75 587.75 638.25
3 517.75 86.00000000000001 557.25 137.0
3 557.25 427.75000000000006 634.75 516.25
3 568.0 517.5 639.0 615.5
