3 68.25 496.25 145.75 598.75
3 68.87500000000001 397.875 142.125 491.12500000000006
3 78.0 599.75 152.0 639.25
3 85.87499999999999 136.125 158.125 225.87500000000003
3 109.0 96.25 156.0 143.75
3 118.25000000000001 49.87500000000001 167.75000000000003 109.125
3 132.125 0.12500000000000178 186.875 46.875
3 134.5 441.5 203.49999999999997 539.5
3 137.75 178.875 212.25 242.12500000000003
3 141.0 539.75 219.0 636.25
3 155.5 113.0 211.50000000000003 182.0
3 167.5 76.75 214.50000000000003 116.25
3 177.75 34.25 217.25 82.74999999999999
3 197.875 384.12499999999994 274.125 476.875
3 206.50000000000003 140.5 269.5 226.50000000000003
3 207.12500000000003 592.25 278.875 639.75
3 222.0 43.50000000000001 284.0 89.5
3 226.5 345.75 258.5 388.25
3 226.5 30.000000000000004 266.5 58.00000000000001
3 246.75 149.5 315.25 246.5
3 270.875 438.0 347.125 533.0
3 273.0 119.50000000000001 330.0 166.50000000000003
3 275.5 539.75 345.5 636.25
3 277.0 21.500000000000004 329.0 77.5
3 280.5 63.125 338.5 133.875
3 328.125 403.875 347.87499999999994 443.125
3 357.75 73.0 394.25000000000006 127.0
3 369.49999999999994 589.125 433.5 639.875
3 374.49999999999994 490.12499999999994 448.5 595.875
3 391.75 0.12499999999999956 438.25 23.875
3 396.75 46.75 434.25 110.24999999999999
3 401.875 89.125 466.125 135.875
3 403.0 17.25 430.0 47.75
3 411.875 330.99999999999994 479.12499999999994 415.0
3 425.12499999999994 437.125 507.875 542.875
3 431.25 540.5 512.75 639.5
3 438.875 30.000000000000004 486.125 73.0
3 440.25 135.875 487.75 215.125
3 444.5 57.74999999999999 507.5 119.25
3 451.25 0.5000000000000004 502.75000000000006 21.500000000000004
3 465.99999999999994 109.125 520.0 175.875
3 476.75000000000006 344.5 512.25 410.5
3 478.00000000000006 185.5 551.0 241.50000000000003
3 478.0 378.24999999999994 555.0 467.75
3 481.875 338.875 525.125 390.125
3 504.25000000000006 53.0 549.75 93.99999999999999
3 508.125 583.875 587.875 638.125
3 517.75 86.00000000000001 557.25 137.0
3 557.25 427.75000000000006 634.75 516.25
3 568.0 517.5 639.0 615.5
