3 0.0 377.75 48.0 465.25
3 17.125 306.5 72.875 392.5
3 66.25 402.5 103.75 432.5
3 73.74999999999999 306.75 130.25 391.25
3 97.25 369.25 164.75 468.75
3 194.0 394.75 250.0 477.25
3 243.0 0.0 314.0 74.0
3 291.75 366.75 343.25 451.25
3 304.99999999999994 145.0 340.99999999999994 219.0
3 306.125 483.75 355.875 546.25
3 309.0 0.0 348.00000000000006 77.0
3 314.0 208.125 343.00000000000006 250.875
3 323.5 101.00000000000001 350.50000000000006 155.0
3 328.75 78.5 366.25 126.5
3 336.875 465.125 380.125 543.875
3 338.25 141.50000000000003 368.75 200.5
3 339.25 193.0 368.75 234.00000000000003
3 340.875 372.875 381.12500000000006 470.12499999999994
3 344.0 0.0 379.0 74.0
3 359.00000000000006 66.75 390.0 103.25
3 373.00000000000006 0.0 391.0 27.0
3 381.25 1.0000000000000009 397.75000000000006 63.00000000000001
