2 22.5 171.0 107.5 225.0
2 46.99999999999999 112.75 120.0 168.25
2 67.125 217.875 146.875 267.125
2 80.75000000000001 248.75 160.25000000000003 298.25
2 101.875 334.25000000000006 180.125 389.75
2 129.0 101.75 210.0 170.25
2 155.25 134.75 250.75000000000003 205.25
2 171.75 333.75 224.25 392.24999999999994
2 180.0 0.0 269.0 44.0
2 185.25 267.0 262.75 322.0
2 213.125 238.49999999999997 298.875 294.5
2 221.125 216.125 298.875 253.875
2 221.25 56.75000000000001 307.75 131.25
2 307.75 325.25 405.25 375.74999999999994
2 314.25 66.75 411.75 135.25
2 329.25000000000006 372.75 419.75 432.25
2 379.0 488.5 448.00000000000006 531.5
2 378.75 441.25 461.25 491.75
2 395.0 379.125 448.0 433.87499999999994
2 399.75 522.5 484.25000000000006 586.5
2 399.87500000000006 398.5 494.125 454.49999999999994
2 436.5 319.0 509.49999999999994 371.99999999999994
2 490.875 504.0 582.125 559.0
2 499.0 335.5 572.0 390.5
2 519.0 439.0 627.0 491.99999999999994
2 522.5 388.5 618.5 444.49999999999994
2 526.5 432.75 610.5 449.25000000000006
