0 351.5 366.0 425.50000000000006 438.00000000000006
0 0.0 341.25 25.0 379.74999999999994
0 0.0 455.75 25.0 513.25
0 1.9999999999999973 366.99999999999994 51.0 409.0
0 38.50000000000001 305.5 84.5 351.5
0 52.25 449.75 106.75 504.25000000000006
0 53.5 110.75 126.5 186.25
0 101.25 441.5 132.75 491.5
0 103.75 140.25 161.25 194.75
0 115.0 330.5 140.0 349.5
0 122.25 33.25 179.75 87.75
0 198.49999999999997 447.75000000000006 245.5 486.25
0 212.5 327.25 263.5 381.75000000000006
0 226.75 408.0 285.25 473.0
0 228.75 525.25 260.25 561.75
0 253.25 263.75 315.75 343.25
0 283.25 214.5 360.75 288.5
0 312.0 442.5 363.0 492.5
0 328.5 530.25 355.50000000000006 561.75
0 354.25000000000006 507.5 387.75 556.5
0 372.0 159.0 437.0 226.0
0 412.0 539.75 433.0 556.25
0 425.5 184.24999999999997 472.5 218.75
0 430.0 467.75 474.00000000000006 504.25000000000006
0 496.75000000000006 595.25 510.25 607.75
0 515.75 594.25 526.25 608.75
0 543.0 539.5 617.0 610.5
0 576.0 506.0 597.0 527.0
0 583.25 344.00000000000006 638.75 415.0
0 609.75 438.00000000000006 639.25 509.0
