3 192.0 73.5 238.0 144.5
3 25.999999999999996 479.0 61.0 558.0
3 48.00000000000001 337.0 81.0 408.0
3 88.5 392.25 119.50000000000001 439.75
3 119.50000000000001 392.25 151.5 460.74999999999994
3 232.99999999999997 470.75 265.0 538.25
3 245.0 502.75 265.0 555.25
3 258.0 456.5 287.0 515.5
3 294.75 472.24999999999994 311.25 523.75
3 390.5 243.0 419.5 291.0
3 405.0 334.25000000000006 433.0 372.75
3 410.75 155.75 434.25 195.25000000000003
3 435.0 440.5 470.99999999999994 490.5
3 528.25 57.5 557.75 104.5
