3 119.75000000000001 242.75 307.25 453.24999999999994
3 0.0 132.0 106.0 268.0
3 0.0 302.25 136.0 500.75
3 1.0000000000000053 230.0 83.0 342.0
3 46.75 30.500000000000007 130.25 140.5
3 67.0 124.00000000000003 243.0 318.0
3 121.25 40.25 252.75 129.75
3 143.75 7.000000000000002 245.25 47.0
3 167.75000000000003 380.75 404.25 638.25
3 193.25 117.25000000000001 291.75 224.75
3 202.5 3.4999999999999964 341.5 123.5
3 254.24999999999997 86.5 413.75 208.5
3 270.25 208.5 457.75 367.5
3 291.0 0.0 436.0 44.0
3 347.0 331.99999999999994 567.0 579.0
3 389.5 53.24999999999999 502.5 163.75
3 406.5 160.0 525.5 230.0
3 419.0 15.25 522.0 90.75
3 484.5 233.0 639.5 407.0
3 503.24999999999994 130.5 639.75 272.5
3 509.75 53.5 575.25 150.5
