3 73.0 129.75 174.0 275.25
3 0.0 317.75 66.0 420.25
3 0.0 447.0 69.0 590.0
3 60.74999999999999 490.75 178.25 638.25
3 69.0 374.75 180.0 507.25
3 104.25 285.0 195.75 375.0
3 163.5 77.25 262.5 221.74999999999997
3 180.75 190.0 282.25 283.0
3 182.5 378.5 271.5 500.50000000000006
3 191.0 251.75 299.0 390.25
3 257.5 71.0 368.5 189.0
3 271.5 341.75 388.5 483.25
3 294.75 180.25 393.24999999999994 284.75
3 326.99999999999994 252.0 436.0 381.0
3 358.24999999999994 50.0 452.75 180.0
3 385.75 358.24999999999994 493.25 479.75
3 396.5 183.25000000000003 495.50000000000006 307.75
3 440.5 89.5 539.5 218.5
3 453.75 23.499999999999996 537.25 117.5
