0 406.99999999999994 277.5 479.0 352.5
0 119.75 507.5 192.25 587.5
0 180.5 537.75 243.49999999999997 615.25
0 223.5 503.00000000000006 283.5 589.0
0 235.75 426.0 290.25 506.99999999999994
0 243.75 576.75 284.25 625.25
0 275.25 462.5 335.75 517.5
0 318.00000000000006 592.75 366.0 639.25
0 415.75 170.0 478.25 255.0
0 442.5 158.5 497.5 217.5
0 447.5 236.75 517.5 330.25
0 462.5 614.0 527.5 639.0
0 523.0 602.75 580.0 639.25
0 561.25 545.75 624.75 638.25
1 314.5 246.75 444.5 315.25
1 320.75 231.75 444.25 280.25
1 355.0 301.75 405.99999999999994 334.25
3 71.25 465.99999999999994 131.75 550.0
3 132.0 432.25 195.0 509.75
3 253.5 581.75 313.5 639.25
3 284.25 507.25 344.75 584.75
