2 47.75 452.75 110.25 505.25
2 95.0 262.50000000000006 206.0 386.50000000000006
2 115.0 451.875 152.0 481.125
2 203.875 372.875 210.125 381.12500000000006
2 214.24999999999997 546.25 223.75 561.75
2 215.0 371.25 247.99999999999997 403.75
2 224.00000000000003 541.875 233.0 555.125
2 227.25 578.25 234.75 596.75
2 234.875 544.5 247.12500000000003 560.5
2 236.25 581.875 249.75 594.125
2 249.74999999999997 475.50000000000006 324.25 588.5
2 268.5 312.125 358.5 461.875
2 316.875 538.875 336.125 559.125
2 330.0 469.0 437.0 603.0
2 340.25 234.125 441.75000000000006 315.875
2 352.0 568.125 362.0 585.875
2 356.75 536.5 369.25 561.5
2 358.5 361.75000000000006 390.50000000000006 382.25
2 444.75 528.0 500.25 608.0
2 480.0 359.0 539.0 416.0
2 532.125 248.125 607.875 324.875
2 567.75 347.75 605.25 432.25
