2 47.75 452.75 110.25 505.25
2 95.0 262.50000000000006 206.0 386.50000000000006
2 115.0 451.75 152.0 481.25
2 203.875 372.875 210.125 381.12500000000006
2 214.5 546.5 223.49999999999997 561.5
2 215.0 371.125 247.99999999999997 403.875
2 224.00000000000003 541.875 233.0 555.125
2 227.12500000000003 578.125 234.875 596.875
2 234.75 544.5 247.25 560.5
2 236.50000000000003 581.75 249.5 594.25
2 249.74999999999997 475.50000000000006 324.25 588.5
2 268.5 312.125 358.5 461.875
2 316.75 538.75 336.25 559.25
2 330.0 469.0 437.0 603.0
2 340.25 234.125 441.75000000000006 315.875
2 352.0 568.25 362.0 585.75
2 356.875 536.25 369.12499999999994 561.75
2 358.5 361.75000000000006 390.50000000000006 382.25
2 444.875 528.0 500.125 608.0
2 480.0 359.0 539.0 416.0
2 532.25 248.25 607.75 324.75
2 567.875 347.875 605.125 432.125
