3 6.5 409.25 23.5 438.75
3 39.25 374.25000000000006 55.75 399.75
3 53.25 355.50000000000006 72.75 376.5
3 61.5 263.25 78.5 281.75
3 72.5 484.25 83.5 508.75
3 83.5 322.875 105.49999999999999 354.125
3 112.875 354.49999999999994 129.125 376.5
3 124.5 237.75000000000003 137.5 263.25
3 125.0 108.99999999999999 139.0 130.0
3 127.875 277.5 149.125 311.5
3 139.75 347.0 166.25 365.0
3 167.75000000000003 16.875 184.25 41.125
3 169.00000000000003 590.25 187.0 619.75
3 172.0 46.125 190.99999999999997 78.875
3 174.5 70.5 188.49999999999997 92.5
3 176.0 0.0 196.0 20.0
3 195.75000000000003 617.5 211.25 639.5
3 203.125 524.875 223.87500000000003 560.125
3 215.49999999999997 56.0 227.5 83.0
3 221.125 68.0 232.87499999999997 98.0
3 240.0 89.5 250.0 105.5
3 250.5 98.0 265.5 115.0
3 274.5 83.5 289.5 105.49999999999999
3 286.75 63.24999999999999 306.25 93.75
3 354.0 395.125 371.0 418.875
3 385.25 354.75 405.74999999999994 380.25
3 386.0 381.125 408.00000000000006 398.875
3 397.75 428.00000000000006 408.24999999999994 461.0
3 422.875 339.875 439.125 365.125
3 443.0 321.875 465.0 359.12499999999994
3 446.75 520.25 476.25 557.75
3 474.125 522.0 494.87500000000006 550.0
3 482.0 377.875 503.0 407.125
3 498.125 340.50000000000006 513.875 376.5
3 520.25 310.125 533.75 343.875
3 525.875 395.125 541.125 418.875
3 538.125 302.875 550.875 326.125
3 541.5 420.75 562.5 444.25
3 546.125 380.125 555.875 403.875
3 548.5 553.25 565.5 591.75
