3 6.25 409.125 23.75 438.87499999999994
3 39.25 374.25000000000006 55.75 399.75
3 53.25 355.50000000000006 72.75 376.5
3 61.75 263.125 78.25 281.875
3 72.25 484.125 83.75 508.87499999999994
3 83.5 322.75 105.49999999999999 354.25000000000006
3 112.875 354.49999999999994 129.125 376.5
3 124.5 237.75000000000003 137.5 263.25
3 125.0 108.99999999999999 139.0 130.0
3 127.875 277.5 149.125 311.5
3 139.875 347.0 166.125 365.0
3 167.5 16.75 184.50000000000003 41.25
3 169.00000000000003 590.125 187.0 619.875
3 172.0 46.25 190.99999999999997 78.75
3 174.5 70.5 188.49999999999997 92.5
3 176.0 0.0 196.0 20.0
3 195.87500000000003 617.5 211.125 639.5
3 203.25000000000003 524.75 223.75 560.25
3 215.49999999999997 56.0 227.5 83.0
3 221.125 68.0 232.87499999999997 98.0
3 240.0 89.5 250.0 105.5
3 250.5 98.0 265.5 115.0
3 274.5 83.5 289.5 105.49999999999999
3 286.75 63.24999999999999 306.25 93.75
3 354.0 395.25000000000006 371.0 418.75
3 385.25 354.75 405.74999999999994 380.25
3 386.0 381.25 408.00000000000006 398.75
3 397.75 428.00000000000006 408.24999999999994 461.0
3 422.75 339.75 439.25000000000006 365.25
3 443.0 321.75 465.0 359.25
3 446.875 520.125 476.125 557.875
3 474.25000000000006 522.0 494.75 550.0
3 482.0 377.75 503.0 407.25
3 498.125 340.50000000000006 513.875 376.5
3 520.25 310.125 533.75 343.875
3 525.75 395.25000000000006 541.25 418.75
3 538.25 302.75 550.75 326.25
3 541.5 420.75 562.5 444.25
3 546.125 380.125 555.875 403.875
3 548.5 553.25 565.5 591.75
