3 19.75 288.5 44.25000000000001 301.5
3 64.5 212.75000000000003 80.5 229.25
3 65.125 151.87499999999997 88.875 171.12499999999997
3 100.49999999999999 265.0 118.5 273.0
3 113.5 255.75 129.5 263.25
3 114.5 312.5 134.5 322.5
3 129.875 285.125 154.125 304.875
3 144.875 207.875 169.12499999999997 224.125
3 169.00000000000003 204.12499999999997 192.0 219.875
3 172.12500000000003 45.75 193.875 58.25
3 177.25 66.5 188.75 79.5
3 187.5 301.75 206.5 318.25
3 226.125 194.25 255.87500000000003 209.74999999999997
3 236.74999999999997 184.50000000000003 266.25 197.5
3 248.125 256.875 275.875 278.125
3 267.75 180.0 282.25 191.0
3 280.125 191.125 301.875 200.87500000000003
3 280.125 266.25 304.875 279.75
3 290.875 230.25000000000003 315.125 245.75
3 305.0 84.87499999999999 317.0 99.125
3 311.5 193.125 329.49999999999994 207.875
3 331.125 95.0 339.875 105.0
3 396.0 112.12499999999999 409.0 131.875
3 425.25 129.0 454.75 141.0
3 468.25 287.25 495.75 305.75
