3 19.75 288.5 44.25000000000001 301.5
3 64.5 212.875 80.5 229.125
3 65.25 151.75 88.75 171.25
3 100.49999999999999 265.0 118.5 273.0
3 113.5 255.75 129.5 263.25
3 114.5 312.5 134.5 322.5
3 129.75 285.25 154.25 304.75
3 144.875 207.875 169.12499999999997 224.125
3 169.00000000000003 204.12499999999997 192.0 219.875
3 172.25 45.5 193.75 58.50000000000001
3 177.25 66.5 188.75 79.5
3 187.75 301.875 206.25 318.125
3 226.125 194.25 255.87500000000003 209.74999999999997
3 236.875 184.25 266.125 197.75000000000003
3 248.25 256.75 275.75 278.25
3 267.875 180.0 282.125 191.0
3 280.125 191.125 301.875 200.87500000000003
3 280.25 266.5 304.75 279.5
3 290.875 230.25000000000003 315.125 245.75
3 305.0 84.87499999999999 317.0 99.125
3 311.5 193.125 329.49999999999994 207.875
3 331.25 95.0 339.74999999999994 105.0
3 396.0 112.12499999999999 409.0 131.875
3 425.25 129.0 454.75 141.0
3 468.125 287.125 495.87500000000006 305.875
