3 19.875000000000004 288.25 44.125 301.75
3 64.5 212.75000000000003 80.5 229.25
3 65.125 151.87499999999997 88.875 171.12499999999997
3 100.49999999999999 265.0 118.5 273.0
3 113.5 255.75 129.5 263.25
3 114.5 312.5 134.5 322.5
3 129.75 285.25 154.25 304.75
3 144.75 207.75000000000003 169.25 224.25
3 169.00000000000003 204.25 192.0 219.74999999999997
3 172.25 45.5 193.75 58.50000000000001
3 177.25 66.5 188.75 79.5
3 187.75 301.875 206.25 318.125
3 226.25 194.5 255.75000000000003 209.5
3 236.74999999999997 184.50000000000003 266.25 197.5
3 248.125 256.875 275.875 278.125
3 267.875 180.0 282.125 191.0
3 280.25 191.25 301.75 200.75000000000003
3 280.25 266.5 304.75 279.5
3 290.875 230.25000000000003 315.125 245.75
3 305.0 84.87499999999999 317.0 99.125
3 311.5 193.125 329.49999999999994 207.875
3 331.25 95.0 339.74999999999994 105.0
3 396.0 112.25 409.0 131.75
3 425.25 129.0 454.75 141.0
3 468.25 287.25 495.75 305.75
