0 19.999999999999996 165.49999999999997 41.0 192.5
0 26.125 151.75 55.87499999999999 172.24999999999997
0 26.499999999999993 275.25 100.5 355.75
0 44.0 172.5 69.0 190.49999999999997
0 107.75 128.875 128.25 141.125
0 121.50000000000003 347.24999999999994 325.5 538.75
0 125.5 242.75000000000003 235.5 324.25000000000006
0 131.5 124.25 151.5 135.75
0 178.875 500.87500000000006 212.12500000000003 538.125
0 182.00000000000003 76.24999999999999 300.0 167.75
0 196.25 195.875 425.75 348.125
0 333.75 310.5 552.25 474.5
0 340.99999999999994 112.99999999999999 545.0 250.0
0 512.25 218.75 616.75 320.25
