0 307.25 75.00000000000001 410.74999999999994 161.0
0 24.250000000000004 360.5 58.75 379.5
0 29.5 550.0 79.5 592.0
0 65.0 303.5 110.0 329.49999999999994
0 112.875 375.75 149.125 416.25
0 198.5 165.0 285.5 256.0
0 259.5 349.0 347.5 438.00000000000006
0 261.5 412.0 352.5 477.0
0 286.87500000000006 287.125 367.12500000000006 362.875
0 336.875 428.875 372.12500000000006 466.125
0 376.875 453.00000000000006 416.125 499.0
0 417.25 257.5 474.75 329.5
0 440.0 410.0 526.0 495.99999999999994
0 479.0 260.5 548.0 332.5
0 526.0 92.12499999999999 576.0 126.875
0 533.25 135.75 589.75 188.25
0 553.5 127.5 602.5 168.5
