2 89.0 325.5 189.0 445.5
2 103.74999999999999 207.5 229.24999999999997 333.5
2 169.75 362.75000000000006 242.25 476.25
2 184.00000000000003 129.25 257.0 243.75
2 197.0 326.25 311.0 458.75
2 221.25 251.75 279.75 333.25
2 221.50000000000003 167.0 320.50000000000006 321.0
2 302.75 220.75000000000003 373.24999999999994 345.25
2 332.24999999999994 344.25000000000006 423.75 432.75
2 357.75 411.0 455.25 537.0
2 363.25 241.74999999999997 440.75 352.25
2 403.49999999999994 382.75 462.5 488.24999999999994
