0 406.125 149.0 449.875 215.0
0 109.75 399.0 135.25 433.00000000000006
0 183.87500000000003 563.5 208.125 601.5
0 206.0 420.875 235.0 460.12499999999994
0 207.0 477.12500000000006 229.00000000000003 516.875
0 267.0 327.125 289.0 359.87500000000006
0 267.5 229.0 290.5 251.0
0 273.75 411.0 296.25 464.0
0 277.125 480.25 307.875 529.75
0 293.875 499.5 333.125 557.5
0 311.875 419.875 326.125 438.125
0 316.875 464.125 355.125 520.875
0 322.125 419.875 352.875 458.125
0 327.25 140.25 362.75 190.75
0 330.0 566.0 363.0 599.0
0 349.49999999999994 167.5 376.5 221.5
0 389.0 290.5 426.99999999999994 355.5
0 398.75 194.24999999999997 436.25 238.75
0 419.75 342.0 454.25000000000006 395.0
0 443.24999999999994 507.24999999999994 462.75 558.75
0 446.12500000000006 273.125 487.875 329.875
0 462.75 513.0 490.25 539.0
0 474.00000000000006 302.75 505.0 357.25
0 497.125 519.75 534.875 568.25
0 499.0 561.75 527.0 600.25
