0 406.125 149.0 449.875 215.0
0 109.75 399.0 135.25 433.00000000000006
0 183.75 563.5 208.25000000000003 601.5
0 206.0 420.74999999999994 235.0 460.25
0 207.0 477.25 229.00000000000003 516.75
0 267.0 327.25 289.0 359.75
0 267.75 229.0 290.25 251.0
0 273.875 411.0 296.125 464.0
0 277.25 480.5 307.75 529.5
0 293.875 499.5 333.125 557.5
0 311.875 419.875 326.125 438.125
0 316.875 464.125 355.125 520.875
0 322.125 419.875 352.875 458.125
0 327.25 140.25 362.75 190.75
0 330.0 566.0 363.0 599.0
0 349.49999999999994 167.5 376.5 221.5
0 389.0 290.25 426.99999999999994 355.74999999999994
0 398.75 194.24999999999997 436.25 238.75
0 419.5 342.0 454.5 395.0
0 443.125 507.125 462.87499999999994 558.875
0 446.12500000000006 273.125 487.875 329.875
0 462.75 513.0 490.25 539.0
0 474.00000000000006 302.75 505.0 357.25
0 497.25 519.5 534.75 568.5
0 499.0 561.75 527.0 600.25
