0 406.125 149.0 449.875 215.0
0 109.875 399.0 135.125 433.00000000000006
0 183.75 563.5 208.25000000000003 601.5
0 206.0 420.74999999999994 235.0 460.25
0 207.0 477.12500000000006 229.00000000000003 516.875
0 267.0 327.125 289.0 359.87500000000006
0 267.5 229.0 290.5 251.0
0 273.875 411.0 296.125 464.0
0 277.125 480.25 307.875 529.75
0 293.875 499.5 333.125 557.5
0 311.75 419.75 326.25 438.24999999999994
0 316.75 464.25 355.25 520.75
0 322.25 419.75 352.75 458.24999999999994
0 327.25 140.25 362.75 190.75
0 330.0 566.0 363.0 599.0
0 349.49999999999994 167.5 376.5 221.5
0 389.0 290.25 426.99999999999994 355.74999999999994
0 398.875 194.12499999999997 436.125 238.875
0 419.75 342.0 454.25000000000006 395.0
0 443.125 507.125 462.87499999999994 558.875
0 446.12500000000006 273.125 487.875 329.875
0 462.875 513.0 490.12499999999994 539.0
0 474.00000000000006 302.75 505.0 357.25
0 497.25 519.5 534.75 568.5
0 499.0 561.5 527.0 600.5
