2 127.875 413.00000000000006 176.125 489.0
2 158.75 431.75000000000006 220.25 520.25
2 204.00000000000003 423.75 247.0 504.25
2 311.5 275.0 347.5 343.0
2 312.5 354.25000000000006 367.5 444.75
2 345.99999999999994 374.87500000000006 395.0 467.125
2 386.25 359.25000000000006 437.75000000000006 442.75
2 388.5 319.5 430.50000000000006 367.5
2 416.25 172.99999999999997 473.75 295.0
2 473.00000000000006 205.12500000000003 531.0 301.875
2 475.75 0.0 518.25 59.0
2 476.12500000000006 189.0 535.875 244.0
2 510.25000000000006 53.5 583.75 123.5
2 520.0 0.0 591.0 88.0
