2 0.0 306.99999999999994 33.0 379.0
2 0.7500000000000018 403.49999999999994 51.25 482.5
2 9.749999999999996 359.0 105.25 443.00000000000006
2 33.5 530.25 163.5 573.75
2 41.125 430.875 200.875 532.125
2 80.25 341.0 245.75000000000003 444.0
2 126.5 514.25 204.5 557.75
2 161.5 543.5 336.5 582.5
2 169.24999999999997 457.5 359.75 554.5
2 197.25 376.25 367.75 465.75
2 245.49999999999997 343.75 383.5 386.25
2 323.0 485.5 498.0 577.5
2 350.5 363.75 532.5 484.25
2 445.125 483.00000000000006 569.875 574.0
