2 0.0 306.99999999999994 33.0 379.0
2 0.7500000000000018 403.49999999999994 51.25 482.5
2 9.874999999999998 359.0 105.125 443.00000000000006
2 33.5 530.25 163.5 573.75
2 41.125 430.875 200.875 532.125
2 80.25 341.0 245.75000000000003 444.0
2 126.5 514.125 204.5 557.875
2 161.74999999999997 543.75 336.25 582.25
2 169.24999999999997 457.5 359.75 554.5
2 197.25 376.25 367.75 465.75
2 245.49999999999997 343.75 383.5 386.25
2 323.0 485.5 498.0 577.5
2 350.5 363.75 532.5 484.25
2 445.25 483.00000000000006 569.75 574.0
