2 0.0 306.99999999999994 33.0 379.0
2 0.8749999999999991 403.75 51.12500000000001 482.24999999999994
2 9.874999999999998 359.0 105.125 443.00000000000006
2 33.5 530.25 163.5 573.75
2 41.125 430.875 200.875 532.125
2 80.25 341.0 245.75000000000003 444.0
2 126.5 514.25 204.5 557.75
2 161.5 543.5 336.5 582.5
2 169.125 457.75 359.875 554.25
2 197.125 376.12500000000006 367.875 465.875
2 245.49999999999997 343.875 383.5 386.125
2 323.0 485.5 498.0 577.5
2 350.5 363.5 532.5 484.49999999999994
2 445.125 483.00000000000006 569.875 574.0
