3 0.12499999999999734 154.12499999999997 45.875 218.875
3 6.000000000000001 221.50000000000003 53.00000000000001 289.5
3 14.875 284.875 37.125 345.125
3 66.25 279.125 101.75 337.875
3 166.25 269.75 215.75000000000003 328.24999999999994
3 172.25 543.125 219.75 624.875
3 201.0 60.0 266.0 157.0
3 204.5 274.75 250.5 334.25
3 218.25 384.0 262.75 446.99999999999994
3 224.5 139.75 280.5 215.25
3 261.875 64.5 315.125 154.5
3 277.0 532.0 311.0 594.0
3 367.87499999999994 416.5 413.125 494.49999999999994
3 378.49999999999994 333.125 432.5 420.87500000000006
3 429.0 171.125 468.00000000000006 229.875
3 438.0 83.87500000000001 480.0 142.125
3 460.74999999999994 45.0 500.25 101.0
3 477.75 141.0 510.25 186.0
3 507.75 360.0 539.25 412.0
3 522.5 442.125 564.5 489.87500000000006
3 527.25 220.0 555.75 260.0
3 527.0 284.125 562.0 337.875
3 562.75 483.75 612.25 555.25
3 573.25 312.49999999999994 614.75 363.49999999999994
