3 0.2499999999999991 154.25 45.74999999999999 218.75
3 6.000000000000001 221.50000000000003 53.00000000000001 289.5
3 14.875 284.875 37.125 345.125
3 66.25 279.125 101.75 337.875
3 166.125 269.875 215.87500000000003 328.125
3 172.25 543.125 219.75 624.875
3 201.0 60.0 266.0 157.0
3 204.5 274.875 250.5 334.125
3 218.25 384.0 262.75 446.99999999999994
3 224.5 139.875 280.5 215.125
3 261.875 64.5 315.125 154.5
3 277.0 532.0 311.0 594.0
3 367.75 416.5 413.24999999999994 494.49999999999994
3 378.49999999999994 333.25 432.5 420.75
3 429.0 171.125 468.00000000000006 229.875
3 438.0 83.87500000000001 480.0 142.125
3 460.875 45.0 500.12499999999994 101.0
3 477.875 141.0 510.12499999999994 186.0
3 507.875 360.0 539.125 412.0
3 522.5 442.125 564.5 489.87500000000006
3 527.125 220.0 555.875 260.0
3 527.0 284.125 562.0 337.875
3 562.875 483.875 612.125 555.125
3 573.25 312.49999999999994 614.75 363.49999999999994
