0 104.25 459.0 185.75 523.0
0 0.0 141.75 615.0 274.25
0 0.0 164.75 630.0 416.25
0 33.24999999999999 180.0 639.75 527.0
0 205.75 570.5 304.25 639.5
0 279.0 548.5 300.0 558.5
0 298.75 535.25 327.25 559.75
0 315.25 514.75 341.75000000000006 543.25
0 330.50000000000006 488.49999999999994 351.5 512.5
0 355.50000000000006 475.0 388.5 509.00000000000006
0 374.49999999999994 455.5 398.5 477.5
0 398.5 445.0 424.49999999999994 472.0
0 437.75 348.49999999999994 525.25 442.5
0 530.5 288.5 575.5 357.5
0 580.5 278.5 587.5 291.5
0 581.0 272.25 591.0 279.75
0 588.5 278.5 597.5 287.5
