0 378.0 87.0 442.0 147.0
0 16.0 465.0 39.0 484.00000000000006
0 89.0 433.0 131.0 470.0
0 124.0 557.0 149.0 582.0
0 169.00000000000003 546.0 188.0 564.0
0 183.0 540.0 194.00000000000003 550.0
0 190.0 311.99999999999994 216.0 329.0
0 228.0 291.0 271.0 333.0
0 335.0 258.0 455.99999999999994 474.00000000000006
0 378.0 545.0 420.0 584.0
0 469.0 344.0 494.0 371.0
0 492.0 354.00000000000006 528.0 385.0
0 506.99999999999994 141.0 546.0 178.0
0 521.0 454.00000000000006 545.0 475.0
0 532.0 359.0 574.0 396.99999999999994
0 542.0 460.0 562.0 480.0
0 550.0 97.99999999999999 569.0 116.0
0 563.0 80.0 585.0 103.0
0 590.0 350.0 614.0 369.00000000000006
0 593.0 373.0 619.0 398.0
