3 166.25 122.25 277.75 357.75
3 0.2499999999999991 466.0 49.75 638.0
3 0.0 135.99999999999997 54.0 402.0
3 12.000000000000002 69.0 108.0 229.0
3 24.000000000000004 353.5 99.0 576.5
3 36.75 567.0 87.25 638.0
3 56.99999999999999 167.75000000000003 145.0 359.25
3 87.99999999999999 527.25 196.0 637.75
3 127.875 144.0 182.125 235.0
3 135.875 300.25 190.125 373.75
3 150.25 193.875 173.75 306.125
3 192.87499999999997 602.125 231.125 637.875
3 205.5 373.25 314.5 633.75
3 243.0 535.25 367.0 637.75
3 250.49999999999997 47.5 347.5 272.5
3 276.25 268.875 381.75 549.125
3 312.125 197.75 389.87500000000006 290.25
3 355.0 436.875 455.99999999999994 638.125
3 362.25 193.75 477.75 442.25
3 405.0 142.0 480.0 229.0
3 448.0 335.75 557.0 584.25
3 465.0 567.0 568.0 638.0
3 465.875 181.5 576.125 353.5
3 548.5 355.25 601.5 489.75
3 556.0 424.74999999999994 639.0 638.25
3 585.75 203.25 639.25 410.75
