3 166.25 122.25 277.75 357.75
3 0.12500000000000178 466.0 49.875 638.0
3 0.0 135.99999999999997 54.0 402.0
3 12.000000000000002 69.0 108.0 229.0
3 24.000000000000004 353.75 99.0 576.25
3 36.75 567.0 87.25 638.0
3 56.99999999999999 167.75000000000003 145.0 359.25
3 87.99999999999999 527.25 196.0 637.75
3 127.75 144.0 182.25 235.0
3 135.875 300.25 190.125 373.75
3 150.5 193.75 173.49999999999997 306.25
3 192.75 602.25 231.25 637.75
3 205.75 373.125 314.25 633.875
3 243.0 535.25 367.0 637.75
3 250.25 47.75 347.75 272.25
3 276.25 268.875 381.75 549.125
3 312.25 197.5 389.75 290.5
3 355.0 436.75 455.99999999999994 638.25
3 362.5 193.5 477.5 442.5
3 405.0 142.0 480.0 229.0
3 448.0 335.75 557.0 584.25
3 465.0 567.0 568.0 638.0
3 465.875 181.5 576.125 353.5
3 548.5 355.25 601.5 489.75
3 556.0 424.875 639.0 638.125
3 585.75 203.25 639.25 410.75
