3 166.5 122.5 277.5 357.5
3 0.12500000000000178 466.0 49.875 638.0
3 0.0 135.99999999999997 54.0 402.0
3 12.000000000000002 69.0 108.0 229.0
3 24.000000000000004 353.5 99.0 576.5
3 36.875 567.0 87.125 638.0
3 56.99999999999999 167.875 145.0 359.125
3 87.99999999999999 527.125 196.0 637.875
3 127.75 144.0 182.25 235.0
3 135.75 300.50000000000006 190.25000000000003 373.5
3 150.25 193.875 173.75 306.125
3 192.75 602.25 231.25 637.75
3 205.75 373.125 314.25 633.875
3 243.0 535.25 367.0 637.75
3 250.49999999999997 47.5 347.5 272.5
3 276.5 268.75 381.5 549.25
3 312.125 197.75 389.87500000000006 290.25
3 355.0 436.875 455.99999999999994 638.125
3 362.25 193.75 477.75 442.25
3 405.0 142.0 480.0 229.0
3 448.0 335.5 557.0 584.5
3 465.0 567.0 568.0 638.0
3 465.75 181.5 576.25 353.5
3 548.5 355.25 601.5 489.75
3 556.0 424.74999999999994 639.0 638.25
3 585.875 203.125 639.125 410.875
