3 362.0 412.25 422.0 501.75000000000006
3 351.75 251.25 404.25 353.75
3 371.875 354.0 429.12499999999994 431.99999999999994
3 409.74999999999994 286.125 446.25 356.875
3 414.5 325.875 482.5 435.12499999999994
3 418.5 435.50000000000006 468.5 541.5
3 446.125 248.87500000000003 501.875 343.125
3 456.12500000000006 379.87500000000006 495.875 452.125
3 458.125 471.75 519.875 596.25
3 468.49999999999994 270.875 522.5 387.125
3 489.49999999999994 409.00000000000006 548.5 515.0
3 494.875 301.0 551.125 409.0
