0 6.25 313.75 45.75 358.25
0 8.0 481.75000000000006 18.0 495.25
0 28.000000000000004 464.75 71.0 513.25
0 44.5 574.75 79.5 628.25
0 64.0 199.5 95.0 246.50000000000003
0 73.75 500.99999999999994 108.25 545.0
0 91.49999999999999 207.0 132.5 264.0
0 109.75 490.50000000000006 124.24999999999999 526.5
0 122.75 483.24999999999994 152.25 527.75
0 125.0 526.5 149.0 560.5
0 138.25 165.99999999999997 160.75 208.0
0 154.0 199.0 186.0 245.0
0 160.99999999999997 149.75 197.0 209.25
0 207.0 401.5 239.00000000000003 445.50000000000006
0 241.25 386.25 268.75 439.74999999999994
0 242.25 288.0 269.75 335.0
0 277.25 335.0 297.75 370.99999999999994
0 301.75 235.99999999999997 331.25 278.0
0 305.0 419.25000000000006 328.0 447.75
0 312.5 501.0 330.5 521.0
0 341.5 469.75 526.5 639.25
0 461.5 265.25 488.5 309.75
0 551.0 450.75 579.0 489.25
