0 235.75 206.875 290.25 295.125
0 149.5 371.25 166.50000000000003 397.75000000000006
0 244.0 600.25 264.0 629.75
0 271.125 354.125 292.875 378.87499999999994
0 274.5 535.5 294.5 567.5
0 288.875 581.125 303.125 608.875
0 355.125 116.00000000000001 396.875 162.0
0 383.125 339.12499999999994 400.87500000000006 361.875
0 385.0 308.5 404.00000000000006 325.5
0 399.25 103.5 433.75 148.5
0 400.875 234.25 430.12499999999994 281.75
0 408.87499999999994 342.5 422.125 358.49999999999994
0 414.5 363.75 427.5 384.25
0 476.0 115.125 523.0 183.875
0 478.125 501.125 540.875 571.875
0 524.0 223.0 571.0 269.0
0 556.0 0.0 581.0 20.0
0 563.75 524.875 626.25 611.125
0 573.75 318.0 590.25 337.0
0 578.5 569.75 639.5 639.25
