0 235.5 206.75 290.5 295.25
0 149.5 371.25 166.50000000000003 397.75000000000006
0 244.0 600.5 264.0 629.5
0 271.25 354.25 292.75 378.75
0 274.5 535.5 294.5 567.5
0 288.875 581.125 303.125 608.875
0 355.25 116.00000000000001 396.75000000000006 162.0
0 383.25 339.25 400.75 361.75
0 385.0 308.25 404.00000000000006 325.75
0 399.25 103.5 433.75 148.5
0 400.74999999999994 234.5 430.25 281.5
0 408.87499999999994 342.5 422.125 358.49999999999994
0 414.5 363.75 427.5 384.25
0 476.0 115.24999999999999 523.0 183.75
0 478.125 501.125 540.875 571.875
0 524.0 223.0 571.0 269.0
0 556.0 0.0 581.0 20.0
0 563.75 524.875 626.25 611.125
0 573.5 318.0 590.5 337.0
0 578.5 569.75 639.5 639.25
