0 235.75 206.875 290.25 295.125
0 149.75 371.12500000000006 166.25 397.875
0 244.0 600.25 264.0 629.75
0 271.125 354.125 292.875 378.87499999999994
0 274.5 535.5 294.5 567.5
0 288.75 581.25 303.25 608.75
0 355.25 116.00000000000001 396.75000000000006 162.0
0 383.25 339.25 400.75 361.75
0 385.0 308.5 404.00000000000006 325.5
0 399.25 103.5 433.75 148.5
0 400.74999999999994 234.5 430.25 281.5
0 408.75 342.5 422.24999999999994 358.49999999999994
0 414.5 363.75 427.5 384.25
0 476.0 115.125 523.0 183.875
0 478.125 501.125 540.875 571.875
0 524.0 223.0 571.0 269.0
0 556.0 0.0 581.0 20.0
0 563.5 524.75 626.5 611.25
0 573.5 318.0 590.5 337.0
0 578.5 569.75 639.5 639.25
