3 259.0 254.00000000000003 394.0 453.0
3 26.12499999999999 322.125 137.875 485.875
3 26.874999999999993 439.875 152.125 615.125
3 44.0 143.12499999999997 154.0 324.875
3 97.0 588.5 171.0 639.5
3 141.5 248.125 259.5 411.875
3 156.5 385.74999999999994 306.5 550.25
3 161.75 107.25 274.25 272.75
3 174.12499999999997 496.25 313.875 639.75
3 255.49999999999997 255.75 277.5 310.25
3 289.0 176.5 368.00000000000006 259.5
3 308.5 536.5 415.50000000000006 639.5
3 349.74999999999994 169.75 476.25 302.25
3 386.0 276.5 503.00000000000006 448.5
3 404.5 522.5 537.5 636.5
3 429.87500000000006 551.875 599.125 639.125
3 457.5 204.0 508.49999999999994 299.0
3 483.5 277.75 579.5 430.25
3 485.99999999999994 421.25 565.0 524.75
3 535.875 426.0 638.125 614.0
