3 259.0 254.00000000000003 394.0 453.0
3 26.249999999999993 322.24999999999994 137.75 485.75
3 26.74999999999999 439.75 152.25 615.25
3 44.0 143.25 154.0 324.74999999999994
3 97.0 588.5 171.0 639.5
3 141.5 248.25 259.5 411.75
3 156.5 385.74999999999994 306.5 550.25
3 161.75 107.25 274.25 272.75
3 174.24999999999997 496.5 313.75 639.5
3 255.49999999999997 255.75 277.5 310.25
3 289.0 176.25 368.00000000000006 259.75
3 308.5 536.5 415.50000000000006 639.5
3 349.49999999999994 169.50000000000003 476.5 302.5
3 386.0 276.5 503.00000000000006 448.5
3 404.5 522.5 537.5 636.5
3 429.87500000000006 551.875 599.125 639.125
3 457.75 204.0 508.24999999999994 299.0
3 483.5 277.875 579.5 430.12499999999994
3 485.99999999999994 421.25 565.0 524.75
3 535.75 426.0 638.25 614.0
