0 514.5 406.25 592.5 513.75
0 0.0 447.0 22.0 505.0
0 13.75 243.25 44.25 261.75
0 37.0 250.75000000000003 60.0 286.25
0 45.74999999999999 295.0 76.25 331.0
0 51.75000000000001 258.25 86.25 297.75
0 90.24999999999999 546.25 123.75 596.75
0 98.875 463.125 133.125 513.875
0 111.75 270.125 154.25 320.875
0 117.75 506.5 158.25 560.5
0 134.0 442.5 169.0 491.50000000000006
0 137.0 238.5 177.0 286.5
0 142.0 302.5 188.0 349.5
0 164.5 260.5 201.50000000000003 315.5
0 307.0 391.99999999999994 362.0 476.0
0 338.875 512.875 405.125 612.125
0 350.25000000000006 297.75 398.75 345.25
0 443.25 244.5 480.75 286.5
0 452.125 201.875 489.87500000000006 252.125
0 471.0 256.0 521.0 305.0
0 472.25 387.125 517.75 459.87500000000006
0 517.75 252.0 556.25 296.0
0 580.0 404.75 638.0 488.24999999999994
0 586.5 196.25 636.5 245.75000000000003
0 588.25 228.75 617.75 280.25
0 616.25 216.25 639.75 271.75
0 619.125 273.5 639.875 301.5
0 635.5 208.875 639.5 217.12500000000003
