0 514.5 406.25 592.5 513.75
0 0.0 447.0 22.0 505.0
0 13.75 243.25 44.25 261.75
0 37.0 250.87500000000003 60.0 286.125
0 45.74999999999999 295.0 76.25 331.0
0 51.875 258.125 86.125 297.875
0 90.24999999999999 546.25 123.75 596.75
0 98.75 463.25 133.25 513.75
0 111.75 270.125 154.25 320.875
0 117.5 506.5 158.5 560.5
0 134.0 442.25 169.0 491.75000000000006
0 137.0 238.5 177.0 286.5
0 142.0 302.25 188.0 349.75
0 164.5 260.5 201.50000000000003 315.5
0 307.0 391.99999999999994 362.0 476.0
0 338.75 512.75 405.25000000000006 612.25
0 350.125 297.875 398.875 345.12499999999994
0 443.25 244.5 480.75 286.5
0 452.25 201.75 489.75 252.24999999999997
0 471.0 256.0 521.0 305.0
0 472.25 387.125 517.75 459.87500000000006
0 517.75 252.0 556.25 296.0
0 580.0 404.875 638.0 488.125
0 586.5 196.25 636.5 245.75000000000003
0 588.125 228.875 617.875 280.125
0 616.25 216.25 639.75 271.75
0 619.125 273.5 639.875 301.5
0 635.5 208.875 639.5 217.12500000000003
