3 388.0 351.0 567.0 588.0
3 0.25000000000000355 397.24999999999994 43.75 595.75
3 0.0 589.0 54.0 639.0
3 0.0 41.0 116.0 272.0
3 34.249999999999986 435.0 189.75 590.0
3 43.875000000000014 232.875 187.125 494.125
3 88.0 586.25 212.0 639.75
3 117.74999999999999 66.5 240.25 251.5
3 160.25000000000003 221.875 361.75 506.125
3 199.5 0.7500000000000107 388.49999999999994 235.25
3 214.5 479.75 385.5 639.25
3 304.0 546.25 475.0 638.75
3 321.0 236.25 404.0 466.75
3 352.0 139.5 525.0 357.5
3 371.0 33.75000000000001 463.00000000000006 172.25
3 460.0 0.12500000000000178 632.0 97.87500000000001
3 468.49999999999994 67.99999999999999 527.5 166.0
3 497.24999999999994 87.49999999999999 638.75 335.5
3 507.125 527.5 639.875 639.5
3 542.25 331.5 639.75 526.5
