3 388.0 351.0 567.0 588.0
3 0.25000000000000355 397.24999999999994 43.75 595.75
3 0.0 589.0 54.0 639.0
3 0.0 41.0 116.0 272.0
3 34.125 435.0 189.87499999999997 590.0
3 43.75000000000001 232.75000000000003 187.25 494.25
3 88.0 586.5 212.0 639.5
3 117.87499999999997 66.25 240.125 251.75
3 160.25000000000003 221.875 361.75 506.125
3 199.74999999999997 0.8750000000000036 388.25 235.12500000000003
3 214.5 479.75 385.5 639.25
3 304.0 546.25 475.0 638.75
3 321.0 236.25 404.0 466.75
3 352.0 139.5 525.0 357.5
3 371.0 33.75000000000001 463.00000000000006 172.25
3 460.0 0.25000000000000355 632.0 97.75
3 468.49999999999994 67.99999999999999 527.5 166.0
3 497.125 87.49999999999999 638.875 335.5
3 507.125 527.5 639.875 639.5
3 542.125 331.75 639.875 526.25
