3 337.12500000000006 270.125 451.875 444.875
3 0.0 0.0 46.0 41.0
3 0.0 178.125 76.0 344.875
3 0.0 25.749999999999993 83.0 178.25
3 1.4999999999999991 340.0 48.5 462.0
3 36.25 376.25 141.75 513.75
3 38.0 0.0 129.0 119.0
3 55.75 136.75 107.25000000000001 241.25
3 77.5 243.75 169.5 389.25
3 127.75 34.0 218.25000000000003 112.0
3 144.25 0.2499999999999991 237.75000000000003 45.74999999999999
3 151.87500000000003 385.50000000000006 240.12500000000003 513.5
3 166.25 195.875 225.75000000000003 289.125
3 173.75 258.875 292.25 406.125
3 199.0 78.875 307.0 251.125
3 227.75 45.75 312.25 132.25
3 240.75 0.0 302.25 37.0
3 242.125 365.875 346.875 507.125
3 274.125 173.5 375.875 317.5
3 296.0 0.0 391.99999999999994 77.0
3 311.24999999999994 41.75 429.74999999999994 193.25
3 363.125 141.875 464.875 278.125
3 396.0 0.0 471.0 38.0
3 400.0 37.125 467.0 167.875
