3 337.12500000000006 270.125 451.875 444.875
3 0.0 0.0 46.0 41.0
3 0.0 178.125 76.0 344.875
3 0.0 25.874999999999993 83.0 178.125
3 1.7499999999999982 340.0 48.25 462.0
3 36.5 376.5 141.5 513.5
3 38.0 0.0 129.0 119.0
3 55.875 136.87499999999997 107.125 241.12499999999997
3 77.5 243.875 169.5 389.125
3 127.75 34.0 218.25000000000003 112.0
3 144.125 0.12499999999999734 237.875 45.875
3 151.87500000000003 385.50000000000006 240.12500000000003 513.5
3 166.25 195.875 225.75000000000003 289.125
3 173.5 258.75 292.5 406.25
3 199.0 78.875 307.0 251.125
3 227.75 45.75 312.25 132.25
3 240.875 0.0 302.125 37.0
3 242.25 365.74999999999994 346.75 507.25
3 274.25 173.5 375.75 317.5
3 296.0 0.0 391.99999999999994 77.0
3 311.125 41.875 429.875 193.125
3 363.125 141.875 464.875 278.125
3 396.0 0.0 471.0 38.0
3 400.0 37.25 467.0 167.75
