3 412.25 88.25000000000001 519.75 233.75
3 13.000000000000007 109.50000000000001 105.0 236.5
3 67.0 284.87500000000006 127.0 364.125
3 69.75 566.0 137.25 633.0
3 74.0 0.0 173.0 76.0
3 109.25 437.75 186.75 550.25
3 111.75 96.75 214.25 225.25000000000003
3 126.25 311.87500000000006 223.75 427.12500000000006
3 196.875 67.5 285.125 185.5
3 209.0 232.00000000000003 300.0 349.0
3 233.125 511.0 310.875 602.0
3 240.875 133.875 333.125 249.12499999999997
3 488.0 0.0 590.0 77.0
3 566.125 367.75 630.875 428.24999999999994
