3 412.5 88.50000000000001 519.5 233.5
3 13.000000000000007 109.75000000000001 105.0 236.25
3 67.0 284.75 127.0 364.25000000000006
3 69.875 566.0 137.125 633.0
3 74.0 0.0 173.0 76.0
3 109.12500000000001 437.875 186.875 550.125
3 111.75 96.75 214.25 225.25000000000003
3 126.25 311.87500000000006 223.75 427.12500000000006
3 196.75 67.5 285.25 185.5
3 209.0 232.00000000000003 300.0 349.0
3 233.125 511.0 310.875 602.0
3 240.75 133.74999999999997 333.25 249.24999999999997
3 488.0 0.0 590.0 77.0
3 566.25 367.5 630.75 428.49999999999994
