0 381.25 61.00000000000001 530.75 195.0
0 0.0 282.75 5.0 297.25
0 0.24999999999999967 396.99999999999994 5.75 419.0
0 0.24999999999999967 421.5 5.75 441.5
0 0.2500000000000002 263.0 7.75 285.0
0 0.0 256.0 13.0 274.0
0 0.0 328.5 127.0 478.5
0 4.500000000000001 275.5 11.5 292.5
0 7.749999999999999 277.5 20.25 295.5
0 14.875 269.125 22.125 275.875
0 16.5 287.25 25.500000000000004 299.75
0 22.0 267.0 32.0 272.0
0 22.125 272.0 37.875 294.0
0 26.25 157.12500000000003 33.75 174.875
0 33.5 267.0 47.5 288.0
0 37.5 490.0 93.5 545.0
0 40.25 79.125 87.75 156.875
0 89.75 175.75 98.25000000000001 193.25
0 91.0 619.0 104.0 635.0
0 91.75 16.875 208.25 121.125
0 96.74999999999999 394.75 251.25 572.25
0 170.5 199.5 184.5 221.50000000000003
0 170.12500000000003 590.875 250.875 639.125
0 181.75 163.0 204.25 194.00000000000003
0 182.0 108.25 282.0 183.75
0 256.5 225.25 271.5 249.75
0 257.0 462.875 432.0 639.125
0 266.25 100.0 361.75 180.0
0 345.125 192.5 374.875 234.50000000000003
0 396.875 268.125 413.125 292.875
0 460.75 216.25 499.25 267.75
0 514.0 220.0 537.0 263.0
0 543.5 154.25 639.5 267.75
0 556.5 557.75 639.5 639.25
0 570.125 311.5 593.875 343.5
0 610.5 270.0 639.5 317.0
