0 381.12500000000006 61.00000000000001 530.875 195.0
0 0.0 282.875 5.0 297.125
0 0.1250000000000001 396.99999999999994 5.874999999999999 419.0
0 0.1250000000000001 421.5 5.874999999999999 441.5
0 0.1250000000000001 263.0 7.875000000000001 285.0
0 0.0 256.0 13.0 274.0
0 0.0 328.5 127.0 478.5
0 4.25 275.75 11.75 292.25
0 7.749999999999999 277.5 20.25 295.5
0 14.75 269.25 22.25 275.75
0 16.5 287.25 25.500000000000004 299.75
0 22.0 267.0 32.0 272.0
0 22.25 272.0 37.75 294.0
0 26.5 157.25 33.5 174.75
0 33.5 267.0 47.5 288.0
0 37.5 490.0 93.5 545.0
0 40.25 79.125 87.75 156.875
0 89.75 175.75 98.25000000000001 193.25
0 91.0 619.0 104.0 635.0
0 91.75 16.875 208.25 121.125
0 96.87499999999999 394.875 251.12499999999997 572.125
0 170.5 199.5 184.5 221.50000000000003
0 170.25 590.75 250.75000000000003 639.25
0 181.75 163.0 204.25 194.00000000000003
0 182.0 108.25 282.0 183.75
0 256.25 225.125 271.75 249.875
0 257.0 462.875 432.0 639.125
0 266.25 100.0 361.75 180.0
0 345.25 192.5 374.75 234.50000000000003
0 396.875 268.125 413.125 292.875
0 460.875 216.125 499.125 267.875
0 514.0 220.0 537.0 263.0
0 543.5 154.125 639.5 267.875
0 556.25 557.875 639.75 639.125
0 570.25 311.5 593.75 343.5
0 610.5 270.0 639.5 317.0
