2 206.25 339.25 239.75 403.75
2 208.0 248.75 244.00000000000003 333.25
2 230.75 196.25 247.24999999999997 260.75
2 232.5 394.49999999999994 245.49999999999997 458.5
2 233.25 205.5 281.75 301.5
2 234.75 126.75 270.25 204.25
2 265.0 98.25 293.0 150.75
2 269.75 474.5 307.25 579.5
2 272.25 153.74999999999997 301.75 224.24999999999997
2 276.0 360.75 335.0 448.25
2 306.5 87.0 345.50000000000006 151.0
2 318.0 432.24999999999994 375.0 538.75
2 330.75 174.5 353.25 213.49999999999997
2 344.0 360.50000000000006 389.0 451.5
2 349.00000000000006 84.0 395.0 166.0
2 348.75 477.0 402.24999999999994 568.0
2 357.24999999999994 223.75 398.75 279.25
2 386.99999999999994 155.25 419.0 197.75
2 391.50000000000006 418.75 442.5 525.25
2 400.75 180.25 449.25 303.75
2 408.00000000000006 372.5 451.0 443.49999999999994
2 414.5 290.75 460.5 378.25
