2 0.0 190.0 60.0 255.0
2 0.25000000000000355 252.5 117.75 333.5
2 0.0 20.000000000000004 124.0 63.00000000000001
2 0.0 337.5 196.0 418.49999999999994
2 12.99999999999999 72.5 274.0 149.5
2 45.25000000000002 421.75 316.75 569.25
2 45.25 117.0 344.75 210.99999999999997
2 78.0 523.25 423.0 639.75
2 136.75 178.0 434.25 272.0
2 147.0 0.0 284.0 30.0
2 189.25000000000006 250.99999999999997 494.75 356.99999999999994
2 271.25 9.500000000000002 525.75 91.49999999999999
2 307.0 337.75 617.0 475.25
2 346.25 70.5 610.75 149.5
2 383.49999999999994 425.0 639.5 578.0
2 398.75 621.5 454.25 639.5
2 427.75000000000006 123.25 639.25 209.74999999999997
2 473.49999999999994 560.5 639.5 639.5
2 492.75 197.5 639.25 280.5
