2 0.0 413.75 25.0 512.25
2 0.25000000000000355 83.75000000000001 48.75 288.25
2 53.00000000000001 205.0 95.0 276.0
2 57.0 0.0 136.0 171.0
2 102.125 608.25 138.875 639.75
2 211.875 392.875 246.12499999999997 412.125
2 239.5 23.0 281.5 78.0
2 296.0 423.75 321.99999999999994 537.25
2 306.0 199.24999999999997 491.0 578.75
2 426.99999999999994 421.0 454.0 458.00000000000006
2 464.125 0.0 523.875 66.0
2 506.5 319.0 544.5 364.0
2 536.25 202.125 573.75 231.875
2 542.5 268.0 589.5 385.0
2 548.125 585.125 603.875 639.875
2 572.0 179.875 594.0 194.12499999999997
2 579.75 390.50000000000006 610.25 463.5
2 611.75 190.49999999999997 639.25 237.5
