3 0.0 280.0 14.0 303.0
3 4.249999999999999 232.0 9.75 252.0
3 6.249999999999999 168.25000000000003 21.75 183.75
3 7.0 313.875 25.999999999999996 336.125
3 19.499999999999996 58.25 31.5 86.75
3 19.5 142.5 33.5 162.5
3 26.125 147.875 41.875 168.125
3 40.75 266.5 53.25 291.5
3 41.5 83.0 51.5 98.0
3 58.99999999999999 131.25 68.0 154.75
3 73.5 117.25 82.5 134.75
3 73.75 198.87500000000003 88.25 218.125
3 521.25 288.75 532.75 306.25
3 560.75 336.99999999999994 570.25 356.0
3 608.125 200.0 631.875 234.0
3 619.5 2.8749999999999987 639.5 38.125
3 629.5 175.99999999999997 638.5 202.0
