3 453.00000000000006 292.75 501.0 349.25000000000006
3 35.75 414.74999999999994 68.25 456.25
3 71.75 443.5 111.25 490.50000000000006
3 76.5 400.25 115.49999999999999 436.75000000000006
3 81.0 371.0 122.99999999999999 414.0
3 118.25 484.49999999999994 143.75 516.5
3 117.75 368.75 148.25 417.24999999999994
3 131.25 440.0 167.75 480.99999999999994
3 138.5 321.99999999999994 172.5 354.0
3 141.0 478.0 180.0 523.0
3 147.75 272.25 180.25 317.75
3 147.49999999999997 390.5 185.49999999999997 424.5
3 153.75 218.75 190.25 266.25
3 153.75 372.0 197.25 405.0
3 175.5 470.0 215.5 533.0
3 177.75 284.75 207.25 334.25
3 180.0 192.00000000000003 207.00000000000003 225.0
3 187.75000000000003 395.25 224.25 431.75000000000006
3 199.5 146.24999999999997 230.5 196.74999999999997
3 200.25000000000003 222.0 231.75 252.0
3 207.75 259.0 240.25 291.0
3 215.0 444.74999999999994 257.0 506.25
3 232.75 200.0 262.25 258.0
3 236.5 272.75 271.5 324.25000000000006
3 255.0 423.75 290.0 474.25
3 261.75 193.25 294.25 242.75000000000003
3 284.0 231.75 314.0 269.25
3 284.0 129.5 321.0 182.5
3 290.0 320.74999999999994 329.0 365.25
3 299.0 375.0 329.0 417.0
3 306.5 196.75 334.49999999999994 235.25000000000003
3 329.5 345.74999999999994 354.5 375.25
3 331.0 312.25 359.0 340.74999999999994
3 331.25 372.0 366.75 437.0
3 359.0 268.25 394.0 308.75
3 363.5 337.75 390.50000000000006 388.24999999999994
3 363.5 312.25 391.5 340.74999999999994
3 368.5 228.75 403.5 265.25
3 373.0 394.25000000000006 398.0 437.75
3 408.75 241.75 430.25000000000006 289.25
3 410.50000000000006 370.50000000000006 443.5 411.5
3 416.50000000000006 206.5 457.5 236.5
3 426.25 329.0 460.75 381.99999999999994
3 501.0 216.25 533.0 262.75
3 519.5 248.5 550.5 282.5
