3 51.5 273.5 119.50000000000001 407.5
3 0.0 440.0 34.0 593.0
3 0.0 389.75 49.0 474.25000000000006
3 4.1249999999999964 73.875 77.875 231.125
3 6.25 364.25 53.75 416.75
3 23.75 226.0 56.25 364.0
3 24.5 488.25 125.5 616.75
3 69.0 168.75 127.00000000000001 288.25
3 92.5 545.5 184.5 639.5
3 105.0 150.5 172.0 226.50000000000003
3 114.5 264.5 159.5 394.5
3 114.24999999999999 416.99999999999994 223.75 589.0
3 130.0 223.125 167.0 283.875
3 161.0 164.12499999999997 221.0 268.875
3 169.5 237.0 233.49999999999997 371.0
3 179.25 275.74999999999994 272.75 450.25
3 182.0 118.25 223.0 189.75
3 184.5 598.0 221.50000000000003 639.0
3 212.25 85.125 297.75 216.875
3 216.12499999999997 389.875 326.875 560.125
3 232.99999999999997 202.12500000000003 295.0 268.875
3 240.0 554.75 314.0 639.25
3 251.0 269.0 314.0 390.0
3 263.0 55.0 311.0 140.0
3 280.25 275.875 339.75 350.125
3 300.0 121.875 353.0 209.125
3 308.24999999999994 528.5 397.75 622.5
3 313.875 2.1249999999999947 370.125 113.875
3 322.125 455.0 387.875 547.0
3 323.49999999999994 178.87500000000003 387.5 318.125
3 326.0 327.75000000000006 378.00000000000006 471.25
3 353.5 0.2499999999999991 430.50000000000006 59.75
3 363.75 73.12499999999999 430.25000000000006 175.875
3 365.75 170.5 418.25 274.5
3 371.12500000000006 271.125 432.875 378.875
3 383.5 18.499999999999996 454.49999999999994 132.5
3 383.5 455.0 508.5 585.0
3 385.75 385.0 444.25 470.99999999999994
3 413.5 168.75 444.49999999999994 264.25
3 439.75 276.0 508.24999999999994 416.99999999999994
3 447.5 70.12500000000001 483.49999999999994 165.875
3 447.5 235.5 543.5 351.5
3 477.75000000000006 26.125 516.25 130.875
3 486.25 0.0 537.75 45.0
3 498.25 356.5 581.75 483.5
3 498.125 474.12499999999994 582.875 551.875
3 505.75 159.5 546.25 232.5
3 520.125 127.87500000000001 574.875 180.125
3 532.75 65.75000000000001 594.25 150.25
3 537.875 227.875 617.125 347.125
3 553.125 150.25 624.875 259.75
3 557.75 336.125 626.25 461.875
3 578.0 137.0 637.0 185.0
3 614.125 314.0 639.875 403.00000000000006
3 616.125 226.5 636.875 318.5
3 624.25 407.5 639.75 499.5
