3 51.5 273.5 119.50000000000001 407.5
3 0.0 440.0 34.0 593.0
3 0.0 389.87500000000006 49.0 474.125
3 4.249999999999998 73.75 77.75 231.25
3 6.124999999999998 364.12499999999994 53.875 416.875
3 23.75 226.0 56.25 364.0
3 24.5 488.25 125.5 616.75
3 69.0 168.75 127.00000000000001 288.25
3 92.5 545.5 184.5 639.5
3 105.0 150.5 172.0 226.50000000000003
3 114.5 264.5 159.5 394.5
3 114.24999999999999 416.99999999999994 223.75 589.0
3 130.0 223.125 167.0 283.875
3 161.0 164.24999999999997 221.0 268.75
3 169.5 237.0 233.49999999999997 371.0
3 179.25 275.74999999999994 272.75 450.25
3 182.0 118.25 223.0 189.75
3 184.25 598.0 221.75 639.0
3 212.25 85.125 297.75 216.875
3 216.25 389.75 326.75 560.25
3 232.99999999999997 202.25 295.0 268.75
3 240.0 554.875 314.0 639.125
3 251.0 269.0 314.0 390.0
3 263.0 55.0 311.0 140.0
3 280.5 275.75 339.5 350.25
3 300.0 121.75 353.0 209.25
3 308.24999999999994 528.5 397.75 622.5
3 313.875 2.1249999999999947 370.125 113.875
3 322.25 455.0 387.75 547.0
3 323.49999999999994 178.75 387.5 318.25
3 326.0 327.875 378.00000000000006 471.12500000000006
3 353.75 0.12500000000000178 430.25000000000006 59.875
3 363.75 73.12499999999999 430.25000000000006 175.875
3 365.75 170.5 418.25 274.5
3 371.25 271.25 432.75000000000006 378.75
3 383.75 18.499999999999996 454.25 132.5
3 383.75 455.0 508.25 585.0
3 385.75 385.0 444.25 470.99999999999994
3 413.5 168.75 444.49999999999994 264.25
3 439.49999999999994 276.0 508.5 416.99999999999994
3 447.5 70.25 483.49999999999994 165.75000000000003
3 447.5 235.5 543.5 351.5
3 477.5 26.25 516.5 130.75
3 486.25 0.0 537.75 45.0
3 498.125 356.25 581.875 483.75
3 498.125 474.12499999999994 582.875 551.875
3 505.875 159.75 546.125 232.25
3 520.125 127.87500000000001 574.875 180.125
3 532.875 65.875 594.125 150.125
3 537.75 227.75 617.25 347.25
3 553.25 150.5 624.75 259.5
3 557.5 336.25 626.5 461.75
3 578.0 137.0 637.0 185.0
3 614.25 314.0 639.75 403.00000000000006
3 616.125 226.5 636.875 318.5
3 624.25 407.5 639.75 499.5
