3 457.75 352.5 503.24999999999994 409.5
3 165.0 173.25 197.99999999999997 232.75000000000003
3 187.0 226.125 227.0 274.875
3 194.875 373.87499999999994 224.12499999999997 394.125
3 235.0 213.0 269.0 266.0
3 244.25 412.0 261.75 445.0
3 269.0 279.75 304.0 324.25
3 272.25 196.5 304.75 241.5
3 299.75 428.25 312.25 470.75
3 349.125 163.875 370.875 212.12500000000003
3 381.5 170.0 410.50000000000006 205.0
3 385.50000000000006 129.75 423.5 172.25
3 410.50000000000006 295.0 453.5 341.0
3 413.24999999999994 355.25 447.75 400.74999999999994
3 426.12500000000006 175.5 455.875 209.5
3 468.25 556.75 500.75 613.25
3 589.875 334.25 612.125 365.75
3 590.0 120.75 619.0 179.25
