0 0.0 189.0 153.0 584.0
0 3.75 74.25 24.25 97.75
0 31.75 36.5 41.25 52.5
0 35.5 14.249999999999998 58.5 38.75
0 95.5 41.25 181.5 186.75
0 164.50000000000003 469.00000000000006 187.5 500.0
0 165.5 0.25000000000000355 260.5 78.75
0 183.0 329.0 192.0 348.00000000000006
0 190.99999999999997 311.5 198.0 326.5
0 211.5 408.24999999999994 231.5 432.75
0 227.75 570.5 240.25 590.5
0 234.75 595.0 255.25 617.0
0 238.75 506.99999999999994 251.25 529.0
0 250.25000000000003 500.75 265.75 521.25
0 254.25 550.5 266.75 568.5
0 263.75 402.75 275.25 418.24999999999994
0 281.75 0.0 298.25 24.0
0 354.5 43.75 365.5 55.25
0 364.5 28.0 375.5 45.0
0 375.25000000000006 29.250000000000004 388.75 44.75000000000001
