2 0.0 213.0 50.0 292.0
2 14.750000000000005 281.0 68.25 381.99999999999994
2 103.25 245.25000000000003 163.75 356.75000000000006
2 169.875 263.75 185.125 300.25
2 183.875 318.5 231.125 428.5
2 189.12499999999997 265.125 229.875 318.875
2 266.25 300.25 299.75 396.75000000000006
2 317.125 329.0 386.875 446.99999999999994
2 404.0 277.0 414.0 317.0
2 470.25 284.5 490.74999999999994 326.5
2 490.50000000000006 330.50000000000006 503.5 388.5
2 506.75 377.0 531.25 447.0
2 526.25 366.75000000000006 556.75 445.25
2 553.5 347.0 572.5 377.0
2 570.0 314.0 598.0 354.0
