2 0.0 213.0 50.0 292.0
2 14.875000000000004 281.0 68.125 381.99999999999994
2 103.25 245.25000000000003 163.75 356.75000000000006
2 169.875 263.75 185.125 300.25
2 183.75 318.5 231.25 428.5
2 189.12499999999997 265.125 229.875 318.875
2 266.125 300.125 299.875 396.875
2 317.25 329.0 386.75000000000006 446.99999999999994
2 404.0 277.0 414.0 317.0
2 470.12499999999994 284.5 490.875 326.5
2 490.50000000000006 330.50000000000006 503.5 388.5
2 506.875 377.0 531.125 447.0
2 526.25 366.75000000000006 556.75 445.25
2 553.75 347.0 572.25 377.0
2 570.0 314.0 598.0 354.0
