0 243.25 448.75 302.75 531.25
0 50.25 198.75 109.75 271.25
0 138.0 275.75 200.99999999999997 354.25
0 186.25 218.49999999999997 231.74999999999997 275.5
0 216.50000000000003 306.75 265.5 375.25
0 233.25000000000003 580.5 278.75 639.5
0 250.5 431.25 305.5 470.75
0 319.25 158.75 351.75 206.25
0 336.99999999999994 462.5 401.0 549.5
0 349.75 219.5 409.25000000000006 280.5
0 353.5 357.5 380.50000000000006 388.49999999999994
0 371.99999999999994 116.25 434.0 177.75
0 406.0 425.5 489.0 522.5
0 460.50000000000006 416.0 503.5 474.0
0 490.25 312.25 519.75 381.75000000000006
0 493.49999999999994 265.25 542.5 306.75
0 545.5 467.75 582.5 518.25
0 563.25 312.50000000000006 630.75 391.50000000000006
0 602.5 254.0 639.5 286.0
0 626.5 101.0 639.5 132.0
