2 93.25 439.74999999999994 351.75 531.25
2 94.24999999999999 552.75 114.75 568.25
2 151.125 532.5 385.87500000000006 636.5
2 174.00000000000003 510.25 193.0 527.75
2 202.00000000000003 545.0 210.0 554.0
2 203.5 537.875 211.5 545.125
2 213.5 533.25 222.5 540.75
2 218.0 525.5 227.0 535.5
2 242.24999999999997 525.75 251.75 534.25
2 386.25 501.99999999999994 595.75 564.0
2 400.125 380.25000000000006 411.875 393.75
2 409.5 374.0 417.5 381.99999999999994
2 413.75 361.99999999999994 425.25000000000006 374.0
