2 4.0000000000000036 107.0 86.0 282.0
2 103.50000000000001 147.75 149.5 272.25
2 131.75 69.99999999999999 203.25 179.0
2 192.0 118.50000000000001 233.0 194.5
2 231.74999999999997 157.24999999999997 271.25 215.75
2 243.125 71.87500000000001 276.875 159.125
2 266.25 151.875 317.75 249.125
2 307.25 303.25 345.74999999999994 394.75
2 310.0 122.5 370.0 227.5
2 311.0 281.99999999999994 371.0 389.0
2 376.12500000000006 145.875 442.875 299.125
2 428.875 189.00000000000003 463.125 288.0
2 459.5 282.25 487.5 365.74999999999994
2 477.5 135.99999999999997 569.5 317.0
2 509.125 307.125 533.875 365.875
