3 394.5 414.75 517.5 508.24999999999994
3 24.0 471.5 67.0 570.5
3 26.0 417.0 63.00000000000001 463.0
3 66.0 451.75 160.0 499.25
3 77.0 373.87499999999994 172.0 414.125
3 153.5 447.75 262.5 497.25
3 174.0 358.5 239.0 393.5
3 188.0 393.75 244.00000000000003 423.25
3 268.0 426.75000000000006 402.0 510.25
3 413.125 314.49999999999994 487.87499999999994 356.5
3 414.125 349.87500000000006 473.87499999999994 389.125
3 435.875 386.0 481.12500000000006 416.99999999999994
3 474.875 379.5 548.125 455.5
3 497.24999999999994 300.5 543.75 324.5
3 517.875 418.00000000000006 607.125 504.0
3 523.5 335.12499999999994 565.5 362.875
3 533.0 379.25 598.0 416.75
3 553.75 343.00000000000006 614.25 396.0
