3 394.5 414.75 517.5 508.24999999999994
3 24.0 471.5 67.0 570.5
3 26.0 417.0 63.00000000000001 463.0
3 66.0 451.75 160.0 499.25
3 77.0 373.75 172.0 414.25
3 153.75 447.875 262.25 497.125
3 174.0 358.5 239.0 393.5
3 188.0 393.75 244.00000000000003 423.25
3 268.0 426.75000000000006 402.0 510.25
3 413.24999999999994 314.49999999999994 487.75 356.5
3 414.125 349.87500000000006 473.87499999999994 389.125
3 435.75 386.0 481.25 416.99999999999994
3 474.875 379.5 548.125 455.5
3 497.24999999999994 300.5 543.75 324.5
3 517.875 418.00000000000006 607.125 504.0
3 523.5 335.25 565.5 362.75
3 533.0 379.12499999999994 598.0 416.875
3 553.75 343.00000000000006 614.25 396.0
