3 80.75 49.25 141.25 127.74999999999999
3 0.0 472.75 32.0 493.24999999999994
3 6.499999999999999 256.0 34.5 295.0
3 54.25000000000001 289.0 73.75 322.0
3 70.875 314.875 86.12499999999999 328.125
3 76.25 251.75 90.75 269.25
3 88.875 583.5 130.125 639.5
3 106.5 236.25 135.5 261.75
3 127.75 304.5 178.25 367.5
3 167.5 175.25 190.49999999999997 222.75
3 214.25 296.0 237.75000000000003 321.0
3 309.0 279.875 329.0 289.125
3 323.87499999999994 284.875 522.125 517.125
3 329.0 262.75 346.0 304.25
3 354.25 90.49999999999999 525.75 312.5
