3 80.75 49.25 141.25 127.74999999999999
3 0.0 472.75 32.0 493.24999999999994
3 6.499999999999999 256.0 34.5 295.0
3 54.5 289.0 73.5 322.0
3 70.875 314.875 86.12499999999999 328.125
3 76.125 251.875 90.875 269.125
3 88.875 583.5 130.125 639.5
3 106.25 236.12499999999997 135.75 261.875
3 127.75 304.5 178.25 367.5
3 167.5 175.25 190.49999999999997 222.75
3 214.50000000000003 296.0 237.5 321.0
3 309.0 279.875 329.0 289.125
3 323.87499999999994 284.875 522.125 517.125
3 329.0 262.75 346.0 304.25
3 354.5 90.49999999999999 525.5 312.5
