3 0.5000000000000004 93.50000000000001 15.5 157.5
3 21.999999999999996 468.25 60.0 521.75
3 44.75 405.0 71.25 443.0
3 56.99999999999999 410.75 89.0 461.25
3 72.75 584.5 116.25 639.5
3 114.25 568.25 155.75 620.75
3 127.0 507.25 168.0 561.75
3 151.25 180.25 259.75 315.75
3 161.25 106.00000000000001 205.75000000000003 147.0
3 163.5 515.75 208.5 570.25
3 188.5 309.0 238.5 365.0
3 189.0 562.25 230.0 615.75
3 215.5 361.25 270.5 433.75
3 273.0 457.5 323.0 520.5
3 274.5 601.5 319.5 639.5
3 276.5 230.0 427.5 370.0
3 284.5 0.0 341.5 22.0
3 291.25 28.750000000000004 332.75 64.25
3 298.5 541.5 339.49999999999994 601.5
3 325.50000000000006 422.5 358.5 442.5
3 328.5 437.75 383.5 510.25
3 451.75 318.5 518.25 399.49999999999994
3 451.75000000000006 227.00000000000003 530.25 329.0
3 470.0 0.0 546.0 52.0
3 510.0 0.0 562.0 73.0
3 528.0 431.75 604.0 528.25
3 603.75 303.5 639.25 400.50000000000006
