3 336.75 291.5 456.25 356.5
3 0.0 386.99999999999994 31.0 421.0
3 11.749999999999998 344.0 64.25 393.00000000000006
3 26.25 386.75 68.75 429.25
3 65.75 393.00000000000006 108.25 439.0
3 69.0 355.0 107.99999999999999 390.0
3 236.875 400.0 305.125 460.0
3 247.99999999999997 332.0 320.0 378.0
3 272.5 286.0 339.5 329.0
3 302.0 348.125 391.0 425.87500000000006
3 334.875 414.125 403.125 465.875
3 334.875 230.125 415.125 282.875
3 398.87499999999994 363.75 502.125 422.24999999999994
3 409.0 246.875 501.99999999999994 309.125
3 420.50000000000006 164.24999999999997 528.5 233.75
3 447.75000000000006 289.5 551.25 373.5
3 464.49999999999994 422.75000000000006 538.5 486.25
3 526.25 167.0 615.75 224.00000000000003
3 546.25 235.75 621.75 288.25
3 563.5 278.25 639.5 357.75
