3 336.75 291.5 456.25 356.5
3 0.0 386.99999999999994 31.0 421.0
3 11.749999999999998 344.0 64.25 393.00000000000006
3 26.25 386.75 68.75 429.25
3 65.875 393.00000000000006 108.125 439.0
3 69.0 355.0 107.99999999999999 390.0
3 236.875 400.0 305.125 460.0
3 247.99999999999997 332.0 320.0 378.0
3 272.5 286.0 339.5 329.0
3 302.0 348.125 391.0 425.87500000000006
3 334.875 414.125 403.125 465.875
3 334.75 230.25 415.25 282.75
3 398.75 363.49999999999994 502.24999999999994 422.5
3 409.0 246.75 501.99999999999994 309.25
3 420.50000000000006 164.5 528.5 233.49999999999997
3 447.875 289.5 551.125 373.5
3 464.49999999999994 422.875 538.5 486.12500000000006
3 526.25 167.0 615.75 224.00000000000003
3 546.25 235.75 621.75 288.25
3 563.5 278.5 639.5 357.5
