3 34.500000000000014 313.25 141.5 475.75
3 40.25 172.0 150.75 322.0
3 53.74999999999999 60.87499999999999 150.25 181.125
3 141.75 342.25 262.25 506.75000000000006
3 142.0 585.875 245.99999999999997 639.125
3 151.5 219.0 264.5 365.0
3 158.75 93.0 257.25 224.0
3 258.5 301.5 372.5 468.5
3 259.0 154.5 371.0 320.5
3 265.0 51.25 363.0 181.75
3 283.25 576.5 398.75 639.5
3 367.75 82.25000000000001 470.25 215.75
3 377.75 347.125 492.25 498.87499999999994
3 378.875 201.74999999999997 480.125 366.25
3 423.5 571.875 535.5 639.125
3 477.875 40.125 580.125 174.875
3 483.5 164.5 589.5 309.5
3 490.12499999999994 301.12500000000006 605.875 467.875
3 571.25 577.5 639.75 639.5
