3 34.500000000000014 313.25 141.5 475.75
3 40.25 172.0 150.75 322.0
3 53.5 60.74999999999999 150.5 181.25
3 141.875 342.12500000000006 262.125 506.875
3 142.0 585.875 245.99999999999997 639.125
3 151.5 219.0 264.5 365.0
3 158.75 93.0 257.25 224.0
3 258.5 301.75 372.5 468.25
3 259.0 154.5 371.0 320.5
3 265.0 51.25 363.0 181.75
3 283.125 576.25 398.875 639.75
3 367.5 82.5 470.5 215.5
3 377.75 347.125 492.25 498.87499999999994
3 378.875 201.74999999999997 480.125 366.25
3 423.5 571.75 535.5 639.25
3 477.875 40.125 580.125 174.875
3 483.5 164.5 589.5 309.5
3 490.25 301.25000000000006 605.75 467.75000000000006
3 571.125 577.5 639.875 639.5
