3 34.25000000000001 313.12500000000006 141.75 475.87500000000006
3 40.25 172.0 150.75 322.0
3 53.74999999999999 60.87499999999999 150.25 181.125
3 141.75 342.25 262.25 506.75000000000006
3 142.0 585.75 245.99999999999997 639.25
3 151.75 219.0 264.25 365.0
3 158.875 93.0 257.125 224.0
3 258.5 301.75 372.5 468.25
3 259.0 154.5 371.0 320.5
3 265.0 51.12500000000001 363.0 181.875
3 283.125 576.25 398.875 639.75
3 367.5 82.5 470.5 215.5
3 377.5 347.24999999999994 492.5 498.75
3 378.75 201.5 480.25000000000006 366.5
3 423.5 571.875 535.5 639.125
3 477.875 40.125 580.125 174.875
3 483.5 164.5 589.5 309.5
3 490.25 301.25000000000006 605.75 467.75000000000006
3 571.125 577.5 639.875 639.5
