4 6.749999999999998 12.000000000000002 56.25 71.0
4 7.875000000000001 343.0 55.12499999999999 408.0
4 8.875000000000002 408.00000000000006 61.125 459.0
4 10.875000000000004 68.875 63.125 131.125
4 12.875 203.49999999999997 62.125 269.5
4 18.125000000000004 137.5 64.875 203.5
4 19.250000000000004 472.0 64.75 543.0
4 21.250000000000004 545.25 66.75 581.75
4 59.87500000000001 236.875 113.125 299.125
4 64.875 508.25 108.125 573.75
4 69.0 12.000000000000002 97.00000000000001 32.0
4 69.75 300.5 114.24999999999999 370.5
4 116.25 406.75 166.75 461.25
4 118.25 6.000000000000001 159.75 38.0
4 120.24999999999999 471.0 163.75 537.0
4 122.0 346.875 147.0 414.12499999999994
4 456.125 7.999999999999998 496.875 72.0
4 505.25 105.49999999999999 556.75 163.49999999999997
4 510.125 34.0 559.875 104.0
4 513.0 172.75 547.0 240.25
4 557.75 12.999999999999998 606.25 72.0
4 558.0 66.0 614.0 124.0
4 558.875 133.5 603.125 197.5
4 561.5 210.25 617.5 263.75
4 562.75 344.5 604.25 409.5
4 562.5 270.0 620.5 342.0
4 566.25 545.25 609.75 581.75
4 608.875 306.125 629.125 360.875
