4 6.875 12.000000000000002 56.125 71.0
4 7.875000000000001 343.0 55.12499999999999 408.0
4 8.75 408.00000000000006 61.25 459.0
4 10.750000000000002 68.75 63.25 131.25
4 12.875 203.49999999999997 62.125 269.5
4 18.25 137.5 64.75 203.5
4 19.250000000000004 472.0 64.75 543.0
4 21.125000000000004 545.125 66.875 581.875
4 59.75000000000001 236.75 113.25 299.25
4 64.75 508.5 108.25 573.5
4 69.0 12.000000000000002 97.00000000000001 32.0
4 69.75 300.5 114.24999999999999 370.5
4 116.125 406.875 166.875 461.125
4 118.25 6.000000000000001 159.75 38.0
4 120.24999999999999 471.0 163.75 537.0
4 122.0 346.875 147.0 414.12499999999994
4 456.125 7.999999999999998 496.875 72.0
4 505.125 105.49999999999999 556.875 163.49999999999997
4 510.25 34.0 559.75 104.0
4 513.0 172.75 547.0 240.25
4 557.75 12.999999999999998 606.25 72.0
4 558.0 66.0 614.0 124.0
4 558.75 133.5 603.25 197.5
4 561.5 210.5 617.5 263.5
4 562.875 344.25000000000006 604.125 409.75
4 562.5 270.0 620.5 342.0
4 566.125 545.125 609.875 581.875
4 608.875 306.125 629.125 360.875
