2 138.25 233.0 363.75 419.00000000000006
2 243.75 597.0 260.25 620.0
2 261.5 584.75 275.5 604.25
2 275.0 587.75 298.0 610.25
2 277.125 613.5 294.875 639.5
2 291.75 390.25000000000006 344.25 458.75
2 300.25 552.5 316.75 574.5
2 314.25 538.125 333.75 564.875
2 340.25 400.5 371.75000000000006 432.5
2 343.75 349.0 383.25 406.99999999999994
2 355.125 305.875 388.875 356.12500000000006
2 373.00000000000006 379.125 394.0 425.875
2 384.00000000000006 324.125 405.0 375.875
2 414.25 354.0 431.75 388.00000000000006
