3 36.75 466.75 75.25 529.25
3 48.5 517.0 78.5 540.0
3 61.75 434.49999999999994 103.25 498.5
3 78.25000000000001 478.5 117.75 535.5
3 102.75 459.25 139.25 516.75
3 106.0 380.75 148.0 444.25
3 114.75 312.25 153.25 366.75000000000006
3 166.25 170.25000000000003 220.75000000000003 281.75
3 191.75 558.25 232.24999999999997 621.75
3 202.75000000000003 171.75 273.25 283.25
3 223.0 275.0 281.0 377.0
3 253.25 421.75000000000006 309.75 517.25
3 271.75 152.5 341.25 261.5
3 315.75 66.25 378.25 163.75
3 320.75 271.5 381.25 351.5
3 322.5 517.5 356.50000000000006 570.5
3 402.25 504.0 452.75 581.0
3 462.5 386.75000000000006 513.5 460.25
3 535.75 387.75 574.25 452.25
3 568.5 354.25000000000006 610.5 419.75
