3 229.5 252.0 298.5 287.0
3 0.0 250.0 15.0 275.0
3 36.25 324.5 93.75 360.5
3 113.50000000000001 383.75 154.5 414.25
3 120.25 266.25 147.75 285.75
3 188.5 187.5 223.5 207.5
3 257.75 203.0 287.25 229.00000000000003
3 300.00000000000006 296.0 354.00000000000006 319.0
3 306.75 380.0 369.25 417.0
3 311.5 199.74999999999997 344.49999999999994 239.25
3 315.25 502.5 378.75 537.5
3 359.49999999999994 166.5 393.5 187.5
3 400.50000000000006 286.0 438.5 308.0
3 458.00000000000006 181.25 494.0 199.75
3 464.75 239.5 477.25 266.5
3 487.24999999999994 263.25 513.75 281.75
3 566.5 200.75 600.5 220.25000000000003
