3 298.0 290.875 389.0 414.125
3 248.5 325.5 301.5 400.5
3 254.24999999999997 235.125 303.75 317.875
3 280.125 179.87499999999997 344.875 289.125
3 284.0 135.99999999999997 320.0 202.0
3 290.5 418.49999999999994 360.5 487.5
3 293.5 66.25000000000001 359.49999999999994 169.75
3 326.0 157.0 381.99999999999994 223.0
3 333.0 466.5 375.0 563.5
3 354.875 96.125 431.125 181.875
3 361.99999999999994 345.74999999999994 419.0 440.25
3 364.12499999999994 232.875 446.875 344.125
3 365.0 444.87500000000006 445.99999999999994 559.125
3 395.50000000000006 344.25000000000006 476.5 477.75
3 399.75 122.75 468.24999999999994 238.25000000000003
3 443.75 248.875 530.25 355.125
3 481.75 337.5 526.25 391.50000000000006
