3 298.0 290.75 389.0 414.25
3 248.25 325.74999999999994 301.75 400.25
3 254.5 235.25 303.5 317.75
3 280.125 179.87499999999997 344.875 289.125
3 284.0 135.99999999999997 320.0 202.0
3 290.5 418.24999999999994 360.5 487.75
3 293.5 66.25000000000001 359.49999999999994 169.75
3 326.0 157.0 381.99999999999994 223.0
3 333.0 466.5 375.0 563.5
3 354.74999999999994 96.25 431.25 181.75
3 361.99999999999994 345.74999999999994 419.0 440.25
3 364.25 232.75000000000003 446.75 344.25000000000006
3 365.0 444.75 445.99999999999994 559.25
3 395.75 344.125 476.25 477.875
3 399.75 122.75 468.24999999999994 238.25000000000003
3 443.5 248.75 530.5 355.25
3 481.875 337.5 526.125 391.50000000000006
