0 515.0 210.49999999999997 623.0 353.5
0 0.0 0.0 193.0 438.0
0 134.0 440.875 206.0 541.125
0 151.5 334.87500000000006 223.5 437.125
0 172.99999999999997 470.25000000000006 215.0 583.75
0 195.0 324.0 244.0 423.00000000000006
0 203.875 137.875 277.125 253.125
0 213.75 419.75 225.25 437.25
0 229.74999999999997 234.25 248.25 265.75
0 229.74999999999997 397.75000000000006 418.25 639.25
0 231.74999999999997 218.0 312.25 313.0
0 256.5 60.75 327.5 164.25
0 293.75 130.25 364.25 199.75
0 308.25 220.125 333.75 257.875
0 313.74999999999994 95.87499999999999 522.25 412.125
0 491.75000000000006 346.12500000000006 590.25 480.875
0 555.5 138.74999999999997 639.5 249.24999999999997
0 574.0 454.87500000000006 632.0 507.125
0 584.25 361.75 639.75 498.25
0 628.5 265.5 639.5 358.5
