0 515.0 210.49999999999997 623.0 353.5
0 0.0 0.0 193.0 438.0
0 134.0 440.75 206.0 541.25
0 151.5 334.75 223.5 437.25
0 172.99999999999997 470.25000000000006 215.0 583.75
0 195.0 324.0 244.0 423.00000000000006
0 203.75 137.75 277.25 253.25000000000003
0 213.75 419.75 225.25 437.25
0 229.5 234.5 248.49999999999997 265.5
0 229.87499999999997 397.875 418.125 639.125
0 231.74999999999997 218.0 312.25 313.0
0 256.5 60.75 327.5 164.25
0 293.875 130.125 364.125 199.875
0 308.5 220.25 333.5 257.75
0 313.74999999999994 95.87499999999999 522.25 412.125
0 491.75000000000006 346.12500000000006 590.25 480.875
0 555.5 138.875 639.5 249.12499999999997
0 574.0 454.75 632.0 507.25
0 584.125 361.875 639.875 498.125
0 628.25 265.75 639.75 358.25
