3 10.0 0.9999999999999964 227.0 237.00000000000003
3 0.0 26.999999999999996 29.0 64.0
3 0.0 311.0 42.0 499.0
3 0.0 465.0 73.0 639.0
3 5.0 0.0 110.0 29.0
3 48.00000000000001 338.0 240.0 530.0
3 79.0 529.0 208.0 631.0
3 157.0 559.0 375.99999999999994 639.0
3 159.99999999999997 0.0 293.0 47.0
3 187.00000000000003 112.0 355.0 287.0
3 191.0 43.99999999999999 284.0 118.0
3 202.0 370.0 435.99999999999994 594.0
3 271.99999999999994 0.0 389.0 95.0
3 304.0 36.99999999999999 439.0 182.0
3 369.0 0.0 456.0 16.0
3 385.0 150.99999999999997 512.0 292.0
3 410.0 377.0 582.0 588.0
3 410.0 169.00000000000003 639.0 438.0
3 436.0 0.0 631.0 159.0
