3 42.5 476.0 88.5 544.0
3 66.0 140.25 119.0 228.75
3 68.75 420.50000000000006 113.25 488.5
3 103.25 289.25 148.75 366.75
3 111.75 409.74999999999994 160.25 481.25
3 112.99999999999999 45.75 165.99999999999997 129.25
3 125.75 354.0 171.25 411.0
3 140.25 177.25 184.75 252.75
3 146.25 254.5 204.75 339.5
3 172.5 333.75 220.49999999999997 402.24999999999994
3 220.49999999999997 392.5 267.5 477.5
3 309.0 66.25000000000001 336.0 104.75000000000001
3 376.5 10.999999999999996 433.5 90.0
3 397.25 305.0 447.75 383.0
3 404.0 164.0 461.99999999999994 240.0
3 435.0 280.25 472.0 329.75
3 473.0 22.25 520.0 82.75
3 492.75 319.0 547.25 389.0
3 539.75 200.75 571.25 262.25
3 566.5 337.5 616.5 418.49999999999994
3 566.75 431.75000000000006 616.25 507.25
3 613.5 344.75 639.5 424.25000000000006
3 616.5 56.99999999999999 639.5 122.0
3 621.0 546.5 639.0 616.5
