2 0.4999999999999982 423.25 37.5 486.75
2 9.000000000000002 454.0 18.0 473.00000000000006
2 15.5 428.00000000000006 21.5 441.0
2 21.499999999999993 383.5 140.5 595.5
2 129.5 465.5 148.5 487.5
2 135.25 488.5 152.75 509.49999999999994
2 136.5 404.75 149.5 427.25
2 154.75 486.75 169.25 503.25
2 158.25 371.5 169.74999999999997 390.50000000000006
2 167.75000000000003 304.0 234.25 393.00000000000006
2 175.0 485.75 186.0 506.25
2 200.25000000000003 199.00000000000003 211.75 217.0
2 206.0 217.24999999999997 219.0 235.75
2 208.5 172.0 218.5 190.99999999999997
2 218.75 167.24999999999997 224.24999999999997 180.75
2 220.25000000000003 167.5 231.75 186.5
2 230.75 111.74999999999999 242.24999999999997 132.25
2 232.75000000000003 100.75 283.25 173.25
2 250.75 170.75 265.25 193.25
2 273.5 197.99999999999997 289.5 215.0
2 302.5 125.25 319.5 145.75
2 304.25 114.50000000000001 314.75 126.5
