3 0.0 283.0 41.0 388.0
3 3.999999999999999 105.75 77.0 206.25
3 16.999999999999993 444.0 100.0 561.0
3 58.250000000000014 535.25 142.75 639.75
3 94.12500000000001 474.87500000000006 163.875 572.125
3 116.125 0.0 185.875 114.0
3 117.74999999999999 386.75000000000006 184.25 490.25
3 118.0 191.875 193.0 302.125
3 159.0 262.0 235.0 367.0
3 231.25 374.75 314.75 497.25
3 259.125 0.0 328.87499999999994 49.0
3 306.75 159.75 380.25 271.25
3 317.49999999999994 368.75 398.49999999999994 493.25
3 326.99999999999994 0.0 391.0 68.0
3 389.74999999999994 0.0 456.25 93.0
3 394.25000000000006 344.125 477.75 463.87499999999994
3 462.25 0.2499999999999991 531.75 74.75
3 515.5 47.5 579.5 164.5
3 550.25 423.0 619.75 540.0
3 582.25 45.75 639.75 152.25
