3 80.75000000000001 391.50000000000006 107.25 432.5
3 105.0 370.25 133.0 407.75
3 105.5 403.75 132.5 436.25
3 124.25 167.0 161.75 199.00000000000003
3 126.75 93.5 156.25 126.5
3 127.5 107.5 154.5 143.5
3 137.5 134.0 174.5 173.0
3 139.5 214.0 174.5 274.0
3 159.0 77.0 177.0 97.0
3 162.0 107.75 190.99999999999997 134.25
3 163.5 88.25000000000001 186.5 117.75
3 163.5 185.75 196.5 215.25000000000003
3 177.0 351.99999999999994 208.0 399.0
3 179.0 134.0 204.0 166.0
3 183.75 389.0 211.25 469.0
3 183.75 317.75 214.24999999999997 388.24999999999994
3 190.99999999999997 159.0 218.0 192.0
3 193.0 80.25 214.00000000000003 102.75
3 199.25 433.5 222.75000000000003 480.50000000000006
3 208.5 121.5 237.5 163.5
3 210.25 458.25 249.75 503.75
3 211.25 311.75 233.75 336.25
3 214.0 370.50000000000006 240.0 411.5
3 215.75 336.25 240.25000000000003 372.75000000000006
3 220.25 62.5 239.75 95.5
3 223.5 485.25 252.5 535.75
3 225.99999999999997 151.0 253.0 178.0
3 226.0 86.25 255.0 122.74999999999999
3 228.49999999999997 403.75 269.5 469.25
3 230.99999999999997 99.24999999999999 263.0 144.75
3 231.50000000000003 555.75 270.5 613.25
3 235.25 363.49999999999994 269.75 417.5
3 238.25 518.5 264.75 559.5
3 242.25 315.25 264.75 365.74999999999994
3 245.75 300.25 267.25 322.75
3 248.5 178.0 287.5 225.99999999999997
3 250.0 595.75 295.0 639.25
3 257.5 407.75 284.5 437.25
3 259.5 485.25 292.5 529.75
3 263.5 422.25 292.5 465.74999999999994
3 266.75 529.0 311.25 604.0
3 268.0 363.24999999999994 294.0 407.75
3 268.0 324.75 304.0 370.25
3 274.25 302.5 289.75 332.5
3 279.75 454.75 314.25 495.25
3 284.5 374.0 307.5 436.0
3 291.5 285.75 319.5 321.25
3 293.75 314.25 324.25 365.75
3 294.0 509.75 332.0 550.25
3 309.5 550.5 338.5 606.5
3 316.5 430.25 334.49999999999994 481.75000000000006
3 316.99999999999994 389.25 349.0 425.75
3 319.0 310.25 344.0 351.75000000000006
3 328.5 348.25 355.50000000000006 391.75
3 334.25 432.5 360.75 470.5
3 338.5 472.75 380.50000000000006 518.25
3 340.50000000000006 525.5 373.5 587.5
3 349.25 362.0 378.75 410.0
3 353.25 339.75 368.75 358.24999999999994
3 356.25 402.5 389.74999999999994 450.5
3 367.75 506.25 402.25 573.75
3 372.5 496.25 415.5 547.75
3 378.0 450.5 418.0 492.5
3 381.50000000000006 432.75 412.5 448.24999999999994
3 386.0 380.74999999999994 411.0 422.25
3 407.0 480.5 440.0 540.5
