3 0.0 305.5 10.0 347.5
3 14.999999999999998 388.5 30.999999999999996 420.50000000000006
3 39.5 349.0 69.5 381.0
3 53.0 172.24999999999997 92.0 221.75
3 101.875 522.875 144.125 580.125
3 114.0 195.75 152.0 238.25
3 115.0 438.0 169.0 500.0
3 144.0 126.75 181.0 175.25
3 157.0 387.0 215.99999999999997 460.0
3 177.0 172.5 207.0 206.5
3 198.49999999999997 456.875 250.5 513.125
3 234.00000000000003 209.5 253.0 241.50000000000003
3 286.0 292.0 341.0 361.0
3 318.5 229.75 367.5 272.25
3 351.5 449.875 395.50000000000006 503.125
3 498.25 367.125 553.75 444.87500000000006
3 553.0 501.0 605.0 566.0
3 556.5 619.75 601.5 639.25
3 563.0 404.49999999999994 625.0 466.5
3 581.0 476.5 626.0 529.5
3 630.125 143.875 639.875 203.125
