3 0.0 305.5 10.0 347.5
3 14.999999999999998 388.5 30.999999999999996 420.50000000000006
3 39.5 349.0 69.5 381.0
3 53.0 172.125 92.0 221.875
3 101.75 522.75 144.25 580.25
3 114.0 195.875 152.0 238.125
3 115.0 438.0 169.0 500.0
3 144.0 126.875 181.0 175.125
3 157.0 387.0 215.99999999999997 460.0
3 177.0 172.5 207.0 206.5
3 198.49999999999997 456.75 250.5 513.25
3 234.00000000000003 209.5 253.0 241.50000000000003
3 286.0 292.0 341.0 361.0
3 318.24999999999994 229.875 367.75 272.125
3 351.5 449.75 395.50000000000006 503.24999999999994
3 498.5 367.25 553.5 444.75
3 553.0 501.0 605.0 566.0
3 556.25 619.875 601.75 639.125
3 563.0 404.49999999999994 625.0 466.5
3 581.0 476.5 626.0 529.5
3 630.125 143.875 639.875 203.125
