3 0.0 231.0 66.0 439.0
3 0.0 29.000000000000004 117.0 264.0
3 0.0 429.74999999999994 130.0 608.25
3 43.50000000000001 238.49999999999997 187.5 452.5
3 110.25 403.49999999999994 260.75 597.5
3 114.12499999999997 41.499999999999986 253.875 257.5
3 195.25 213.25 337.75 429.74999999999994
3 247.99999999999997 41.749999999999986 420.0 240.25
3 250.875 408.5 394.125 608.5
3 323.5 197.0 488.5 435.99999999999994
3 399.5 381.75 559.5 594.25
3 420.50000000000006 31.875 568.5 200.125
3 493.00000000000006 149.125 639.0 382.875
3 515.875 565.0 629.125 604.0
3 554.25 359.125 639.75 582.875
3 571.5 38.24999999999999 639.5 163.75
