0 319.0 200.5 500.0 345.5
0 0.0 368.0 10.0 387.0
0 0.2500000000000002 396.25 11.749999999999998 411.75
0 5.0 355.0 32.0 375.0
0 7.750000000000002 334.49999999999994 41.25 353.5
0 16.75 153.5 28.25 162.5
0 18.0 205.75 43.0 222.24999999999997
0 19.750000000000007 0.25000000000000133 88.25 25.75
0 37.0 316.0 53.99999999999999 331.0
0 116.75 354.0 169.25 391.0
0 120.75 1.7499999999999982 208.25 66.25
0 131.0 405.99999999999994 326.0 545.0
0 180.0 510.0 362.0 625.0
0 188.75 107.25000000000001 361.25 254.75
0 255.75 94.0 270.25 104.0
0 355.0 63.25 540.0 206.75
0 358.0 169.50000000000003 377.0 182.5
0 363.75 163.75 372.24999999999994 170.25
0 392.75 387.5 429.25000000000006 408.49999999999994
0 404.75 425.50000000000006 425.25 438.5
0 445.50000000000006 377.75 483.5 397.25
0 458.75 400.50000000000006 495.25000000000006 413.5
0 462.75 471.5 493.24999999999994 484.49999999999994
0 475.99999999999994 584.5 495.0 610.5
0 487.5 376.5 519.5 398.5
0 493.5 398.49999999999994 528.5 422.5
0 499.0 235.75 521.0 252.24999999999997
0 515.25 232.5 528.75 241.5
0 516.75 609.5 541.25 623.5
0 556.0 263.75 578.0 282.25
0 577.5 375.74999999999994 593.5 390.25
0 622.0 204.75 638.0 212.25
