3 197.0 22.125 217.0 47.875
3 244.5 86.25 265.5 112.74999999999999
3 252.25 38.125 277.75 61.875
3 257.5 59.5 270.5 90.5
3 257.75 111.0 270.25 124.0
3 275.0 65.0 284.0 79.0
3 283.75 383.24999999999994 298.25 409.75
3 292.875 430.99999999999994 311.125 465.0
3 303.0 238.875 316.0 260.125
3 327.75 249.50000000000003 342.25 267.5
3 359.75 341.5 382.25 359.49999999999994
3 360.12499999999994 188.25 377.875 201.75
3 375.75 142.0 398.25 175.0
3 524.125 383.125 541.875 410.87500000000006
3 527.0 444.74999999999994 544.0 471.25
3 539.5 464.75 554.5 485.25
3 544.0 414.0 553.0 449.0
3 570.5 465.25000000000006 591.5 488.75
3 595.125 457.75 612.875 474.25000000000006
3 619.0 250.87500000000003 639.0 290.125
