3 197.0 22.125 217.0 47.875
3 244.5 86.25 265.5 112.74999999999999
3 252.5 38.25 277.5 61.75
3 257.75 59.75 270.25 90.25
3 257.5 111.0 270.5 124.0
3 275.0 65.0 284.0 79.0
3 283.875 383.125 298.125 409.875
3 292.875 430.99999999999994 311.125 465.0
3 303.0 238.75 316.0 260.25
3 327.75 249.50000000000003 342.25 267.5
3 359.5 341.5 382.5 359.49999999999994
3 360.12499999999994 188.25 377.875 201.75
3 375.75 142.0 398.25 175.0
3 524.25 383.25 541.75 410.75
3 527.0 444.875 544.0 471.125
3 539.5 464.75 554.5 485.25
3 544.0 414.0 553.0 449.0
3 570.25 465.125 591.75 488.875
3 595.125 457.75 612.875 474.25000000000006
3 619.0 250.87500000000003 639.0 290.125
