3 528.25 408.25 599.75 493.75
3 18.249999999999996 509.49999999999994 93.75 583.5
3 50.25 481.75 103.75 536.25
3 87.0 514.875 148.0 602.125
3 146.0 503.75 198.0 590.25
3 189.74999999999997 544.125 264.25 616.875
3 197.75 491.125 246.25 536.875
3 256.125 492.25 313.875 561.75
3 268.5 428.0 322.5 507.0
3 313.0 499.49999999999994 363.0 568.5
3 323.49999999999994 421.75000000000006 382.5 507.25
3 365.0 487.5 412.0 562.5
3 446.25 403.49999999999994 519.75 487.5
3 500.5 369.25 539.5 425.75
3 516.5 374.25 571.5 433.75
3 583.25 391.25 639.75 494.74999999999994
