3 528.25 408.25 599.75 493.75
3 18.499999999999996 509.49999999999994 93.5 583.5
3 50.50000000000001 481.5 103.5 536.5
3 87.0 514.75 148.0 602.25
3 146.0 503.5 198.0 590.5
3 189.5 544.25 264.5 616.75
3 197.5 491.25 246.5 536.75
3 256.125 492.25 313.875 561.75
3 268.5 428.0 322.5 507.0
3 313.0 499.49999999999994 363.0 568.5
3 323.75 421.875 382.24999999999994 507.12500000000006
3 365.0 487.5 412.0 562.5
3 446.125 403.49999999999994 519.875 487.5
3 500.25 369.125 539.75 425.875
3 516.5 374.25 571.5 433.75
3 583.25 391.25 639.75 494.74999999999994
