3 54.875 132.875 70.125 161.125
3 81.25 87.0 105.75 122.0
3 192.99999999999997 74.24999999999999 215.0 104.75
3 214.00000000000003 73.875 237.0 109.125
3 217.12500000000003 191.875 243.875 216.12499999999997
3 221.0 172.5 245.0 204.50000000000003
3 234.24999999999997 326.875 253.75 356.125
3 242.125 349.00000000000006 257.875 375.0
3 259.75 333.875 276.25 356.125
3 259.875 16.999999999999996 284.125 59.0
3 264.0 79.75 291.0 115.25
3 275.0 324.0 288.0 351.0
3 284.125 0.12500000000000067 306.875 15.875
3 286.0 13.75 303.0 46.25
3 289.0 367.25 307.0 394.75
3 305.25 190.5 321.75000000000006 220.5
3 319.875 203.125 342.125 231.875
3 342.0 356.0 360.0 376.0
3 356.75000000000006 300.5 372.25 326.5
3 380.12499999999994 66.125 405.875 104.875
3 389.00000000000006 238.875 410.0 272.125
3 392.75 111.75 419.25000000000006 151.25
3 409.875 158.875 426.125 188.125
3 426.50000000000006 271.25 447.5 295.75
3 443.5 159.0 468.5 192.0
3 479.75 194.25 505.25 237.75000000000003
3 512.125 123.125 532.875 153.875
3 528.875 256.125 550.125 292.875
3 604.25 126.75 624.75 161.25
3 623.25 234.0 639.75 266.0
