3 54.75 132.75 70.25 161.25
3 81.12499999999999 87.0 105.875 122.0
3 192.99999999999997 74.24999999999999 215.0 104.75
3 214.00000000000003 73.75 237.0 109.25
3 217.25 191.74999999999997 243.75 216.25
3 221.0 172.5 245.0 204.50000000000003
3 234.5 326.75 253.49999999999997 356.25
3 242.25 349.00000000000006 257.75 375.0
3 259.5 333.75 276.5 356.25
3 259.75 16.999999999999996 284.25 59.0
3 264.0 79.75 291.0 115.25
3 275.0 324.0 288.0 351.0
3 284.25 0.2500000000000002 306.75 15.750000000000002
3 286.0 13.5 303.0 46.5
3 289.0 367.125 307.0 394.87500000000006
3 305.25 190.5 321.75000000000006 220.5
3 319.875 203.125 342.125 231.875
3 342.0 356.0 360.0 376.0
3 356.875 300.5 372.12500000000006 326.5
3 380.12499999999994 66.125 405.875 104.875
3 389.00000000000006 238.875 410.0 272.125
3 392.875 111.875 419.125 151.125
3 409.74999999999994 158.75000000000003 426.25 188.25000000000003
3 426.50000000000006 271.25 447.5 295.75
3 443.5 159.0 468.5 192.0
3 479.875 194.125 505.125 237.875
3 512.125 123.125 532.875 153.875
3 528.875 256.125 550.125 292.875
3 604.125 126.875 624.875 161.125
3 623.125 234.0 639.875 266.0
