0 102.0 0.0 198.0 108.0
0 0.0 0.12500000000000178 20.0 26.875
0 63.50000000000001 6.749999999999998 117.5 107.25000000000001
0 68.875 130.25 146.125 217.75
0 120.125 106.125 183.875 144.875
0 192.0 187.75 247.0 270.25
0 245.87500000000003 190.0 315.125 278.0
0 256.25 599.75 309.75 639.25
0 287.0 75.0 348.0 147.0
0 322.5 101.00000000000001 360.5 160.0
0 379.87500000000006 572.125 409.125 623.875
0 392.5 242.75000000000003 639.5 546.25
0 445.0 23.500000000000007 517.0 119.5
0 584.5 0.0 639.5 39.0
0 610.5 152.25 639.5 244.75
