0 102.0 0.0 198.0 108.0
0 0.0 0.25000000000000133 20.0 26.75
0 63.50000000000001 6.749999999999998 117.5 107.25000000000001
0 68.75 130.5 146.25 217.5
0 120.24999999999999 106.25 183.75 144.75
0 192.0 187.87499999999997 247.0 270.125
0 245.75 190.0 315.25 278.0
0 256.125 599.875 309.875 639.125
0 287.0 75.0 348.0 147.0
0 322.5 101.00000000000001 360.5 160.0
0 379.87500000000006 572.125 409.125 623.875
0 392.5 242.75000000000003 639.5 546.25
0 445.0 23.500000000000007 517.0 119.5
0 584.5 0.0 639.5 39.0
0 610.25 152.12500000000003 639.75 244.875
