2 0.2500000000000002 445.0 9.75 473.0
2 0.0 428.0 15.0 447.0
2 0.0 162.25 137.0 314.75
2 4.0000000000000036 400.25000000000006 85.0 523.75
2 104.125 362.5 115.875 394.5
2 137.0 0.0 151.0 12.0
2 140.0 626.5 158.0 639.5
2 154.0 0.0 169.0 14.0
2 160.125 615.875 172.87499999999997 639.125
2 166.0 0.0 252.99999999999997 83.0
2 176.0 612.25 190.0 639.75
2 329.0 0.0 418.00000000000006 83.0
2 476.25 139.75 586.75 280.25
2 564.25 409.74999999999994 639.75 526.25
2 600.75 328.5 622.25 354.49999999999994
2 619.5 351.125 639.5 378.875
