0 0.0 51.75 61.0 163.25
0 0.0 215.75000000000003 65.0 300.25
0 0.0 0.2499999999999991 124.0 50.74999999999999
0 0.25000000000000355 295.0 184.75 563.0
0 2.0000000000000018 580.75 77.0 639.25
0 66.75 121.00000000000001 149.25 172.0
0 100.25000000000003 189.75 241.75 331.25
0 106.25 18.75 183.75 59.25
0 120.0 123.5 224.0 210.49999999999997
0 143.25 489.25 354.74999999999994 638.75
0 159.0 33.75 249.0 138.25
0 184.00000000000003 0.0 338.00000000000006 45.0
0 196.0 387.25 353.0 514.75
0 254.25 40.75 362.75 167.25
0 256.0 139.5 428.00000000000006 351.5
0 332.5 0.25000000000000355 605.5 195.75000000000003
0 363.0 468.49999999999994 559.0 639.5
0 369.0 341.5 524.0 466.5
0 408.25 200.0 530.75 355.0
0 483.24999999999994 108.75000000000001 639.75 353.25
0 523.25 618.75 589.75 639.25
0 533.25 323.24999999999994 639.75 442.75
0 567.25 449.0 639.75 587.0
0 586.5 612.5 639.5 639.5
