2 48.5 199.0 225.49999999999997 400.0
2 264.25 255.99999999999997 423.75 455.0
2 284.25 153.0 295.75 169.00000000000003
2 297.0 95.0 308.0 115.0
2 309.0 95.0 319.0 115.0
2 333.0 43.25 343.0 56.75
2 335.875 45.0 341.12500000000006 60.0
2 340.0 29.000000000000004 350.0 43.0
2 346.5 58.50000000000001 355.50000000000006 69.5
2 355.74999999999994 69.0 362.25 80.0
2 551.875 239.125 639.125 395.875
2 598.25 105.75 607.75 123.25
2 610.0 0.2500000000000002 622.0 11.749999999999998
2 611.5 0.12500000000000178 639.5 26.875
2 612.25 11.0 623.75 26.0
2 628.875 15.999999999999998 634.125 25.0
2 630.0 0.0 639.0 14.0
