2 48.24999999999999 199.0 225.75 400.0
2 264.25 255.99999999999997 423.75 455.0
2 284.5 153.0 295.5 169.00000000000003
2 297.0 95.0 308.0 115.0
2 309.0 95.0 319.0 115.0
2 333.0 43.25 343.0 56.75
2 335.875 45.0 341.12500000000006 60.0
2 340.0 29.000000000000004 350.0 43.0
2 346.25 58.25 355.75 69.75
2 355.74999999999994 69.0 362.25 80.0
2 551.875 239.125 639.125 395.875
2 598.125 105.87499999999999 607.875 123.125
2 610.0 0.12499999999999956 622.0 11.875
2 611.5 0.25000000000000133 639.5 26.75
2 612.25 11.0 623.75 26.0
2 628.875 15.999999999999998 634.125 25.0
2 630.0 0.0 639.0 14.0
