3 18.25 458.5 41.75 479.49999999999994
3 36.00000000000001 443.75 62.0 466.25
3 44.12500000000001 472.12500000000006 54.875 491.875
3 49.25000000000001 564.0 63.75 578.0
3 67.875 475.0 72.125 482.0
3 97.12499999999999 482.875 111.875 509.125
3 102.99999999999999 554.0 119.0 565.0
3 167.25 197.75000000000003 194.75 224.25
3 175.5 485.0 194.5 518.0
3 180.99999999999997 322.5 202.0 345.5
3 193.25 291.5 220.75 318.5
3 194.5 586.25 220.5 607.75
3 210.875 222.24999999999997 234.125 245.75
3 224.00000000000003 276.25 247.0 297.75
3 234.24999999999997 521.0 258.75 544.0
3 242.5 498.5 258.5 515.5
3 242.5 440.5 267.5 475.5
3 251.75 286.0 272.25 308.0
3 254.24999999999997 512.25 273.75 527.75
3 254.5 157.75 308.5 196.25
3 267.5 249.74999999999997 299.5 278.25
3 272.0 442.24999999999994 298.0 468.75
3 289.5 358.24999999999994 321.5 377.75
3 315.875 144.0 350.12499999999994 155.0
3 317.75 597.5 334.25000000000006 619.5
3 328.5 376.99999999999994 359.49999999999994 401.0
3 346.125 606.5 369.875 630.5
3 348.00000000000006 437.0 374.0 462.0
3 395.50000000000006 242.25 433.5 263.75
3 403.25 348.24999999999994 430.75 367.75
3 404.25000000000006 479.75 417.75 498.24999999999994
3 407.12500000000006 357.75 446.875 384.25000000000006
3 455.87500000000006 311.125 483.125 338.875
3 465.5 194.5 500.5 219.5
3 521.0 518.0 562.0 542.0
3 527.0 330.50000000000006 562.0 361.5
3 552.0 381.125 575.0 409.875
3 551.75 208.75 598.25 240.25
3 582.25 397.75 595.75 414.25000000000006
3 591.125 173.875 617.875 190.125
3 591.0 187.75 628.0 227.25
3 595.5 555.75 617.5 570.25
3 601.5 486.25 639.5 519.75
3 621.75 180.0 639.25 211.0
3 631.875 498.125 639.125 517.875
