3 18.25 458.5 41.75 479.49999999999994
3 36.00000000000001 443.5 62.0 466.5
3 44.12500000000001 472.12500000000006 54.875 491.875
3 49.25000000000001 564.0 63.75 578.0
3 67.875 475.0 72.125 482.0
3 97.25 482.75 111.74999999999999 509.25000000000006
3 102.99999999999999 554.0 119.0 565.0
3 167.25 197.75000000000003 194.75 224.25
3 175.75 485.0 194.25 518.0
3 180.99999999999997 322.25 202.0 345.74999999999994
3 193.25 291.5 220.75 318.5
3 194.5 586.5 220.5 607.5
3 210.75 222.5 234.25 245.49999999999997
3 224.00000000000003 276.125 247.0 297.875
3 234.24999999999997 521.0 258.75 544.0
3 242.5 498.5 258.5 515.5
3 242.5 440.5 267.5 475.5
3 251.75 286.0 272.25 308.0
3 254.5 512.5 273.5 527.5
3 254.5 157.5 308.5 196.5
3 267.5 249.74999999999997 299.5 278.25
3 272.0 442.125 298.0 468.87499999999994
3 289.5 358.24999999999994 321.5 377.75
3 315.74999999999994 144.0 350.25 155.0
3 317.5 597.5 334.5 619.5
3 328.24999999999994 376.99999999999994 359.75 401.0
3 346.25 606.5 369.74999999999994 630.5
3 348.00000000000006 437.0 374.0 462.0
3 395.50000000000006 242.25 433.5 263.75
3 403.125 348.125 430.87500000000006 367.87499999999994
3 404.5 479.49999999999994 417.5 498.5
3 407.25 357.5 446.75000000000006 384.5
3 455.87500000000006 311.125 483.125 338.875
3 465.74999999999994 194.25 500.25 219.74999999999997
3 521.0 518.0 562.0 542.0
3 527.0 330.25 562.0 361.75000000000006
3 552.0 381.25 575.0 409.74999999999994
3 551.75 208.75 598.25 240.25
3 582.125 397.875 595.875 414.125
3 591.25 173.75 617.75 190.25
3 591.0 187.75 628.0 227.25
3 595.5 555.75 617.5 570.25
3 601.5 486.5 639.5 519.5
3 621.875 180.0 639.125 211.0
3 631.875 498.125 639.125 517.875
