3 201.25 380.0 301.75 432.0
3 36.87500000000001 344.0 116.125 398.00000000000006
3 104.5 318.74999999999994 170.5 357.24999999999994
3 168.87500000000003 342.0 203.125 375.0
3 195.0 292.25 252.99999999999997 331.75
3 210.0 338.75 280.0 375.25000000000006
3 248.125 279.75 307.875 334.25
3 259.5 255.25000000000003 329.5 291.75
3 280.0 319.0 352.0 361.99999999999994
3 289.75 360.74999999999994 354.25000000000006 407.25
3 333.75 381.25 431.25 430.75
3 347.75 259.5 398.24999999999994 301.5
3 351.75 295.75 408.25 334.25
3 378.875 344.12499999999994 441.125 381.875
3 413.49999999999994 269.875 467.5 308.125
3 413.125 381.12500000000006 510.87500000000006 430.875
3 421.5 298.125 475.50000000000006 335.875
3 456.12500000000006 335.875 520.875 377.125
3 480.74999999999994 301.5 527.25 335.50000000000006
3 486.0 325.5 562.0 367.5
3 500.25 371.5 586.75 414.49999999999994
3 537.125 362.0 604.875 407.0
3 565.0 345.75 616.0 398.25
