3 0.0 75.25 22.0 107.75
3 45.125 102.125 149.875 212.875
3 203.125 72.25 249.87499999999997 141.75
3 293.75 488.25 328.25 515.75
3 295.125 514.0 338.875 560.0
3 311.0 227.0 329.0 269.0
3 313.00000000000006 128.5 341.0 168.5
3 317.75 467.0 352.25 508.0
3 353.5 149.00000000000003 395.50000000000006 208.0
3 358.75 282.5 444.25 394.5
3 359.87500000000006 209.00000000000003 394.125 267.0
3 369.0 373.5 431.99999999999994 433.5
3 377.875 473.5 461.12500000000006 575.5
3 444.25 360.75 508.75 439.25
3 456.0 444.75 539.0 550.25
3 499.5 293.0 560.5 368.0
3 528.25 591.5 583.75 639.5
3 533.125 444.875 559.875 513.125
3 541.5 172.87499999999997 611.5 265.125
3 556.5 409.00000000000006 629.5 495.0
