3 123.5 337.5 136.5 354.5
3 140.125 381.5 159.875 399.49999999999994
3 151.0 339.0 160.0 358.00000000000006
3 153.125 311.125 171.875 318.875
3 177.24999999999997 359.74999999999994 195.75 376.25
3 181.875 170.25 200.12500000000003 189.75
3 191.75 366.125 204.25 389.875
3 209.00000000000003 389.74999999999994 222.0 406.25
3 213.125 342.125 229.87499999999997 354.87500000000006
3 226.50000000000003 33.0 240.5 50.0
3 226.50000000000003 5.5 249.5 19.5
3 234.25 305.75 252.75000000000003 318.25
3 252.87499999999997 29.75 281.125 38.25
3 253.875 389.87500000000006 272.125 402.125
3 261.75 418.25 270.25 435.75
3 266.0 297.75 277.0 304.25
3 265.75 364.5 284.25 382.5
3 285.5 312.5 298.5 329.5
3 294.125 405.99999999999994 310.875 420.0
3 297.5 317.875 321.5 329.125
3 308.75 436.75 326.25 456.25
3 311.0 368.25 325.0 381.75
3 317.125 423.125 334.87500000000006 438.875
3 343.5 435.75 366.5 443.25
3 346.875 327.5 375.125 337.5
3 351.25 301.0 382.75000000000006 318.0
3 366.12500000000006 98.875 382.875 110.125
3 370.75 429.75 389.25 442.25
3 374.125 65.75 393.87499999999994 82.25
3 378.5 200.12500000000003 414.49999999999994 221.875
3 384.0 442.5 396.0 450.5
3 401.5 313.00000000000006 435.50000000000006 331.0
3 414.49999999999994 268.25 438.5 284.75
3 443.00000000000006 248.25 464.0 264.75
3 455.12499999999994 402.0 472.875 420.0
3 456.12500000000006 156.125 472.875 170.87500000000003
3 456.25 420.25 472.75000000000006 432.75
3 460.875 442.875 479.125 450.12499999999994
3 472.875 345.5 492.125 359.5
3 472.5 167.75000000000003 495.5 183.25
3 474.25 463.125 483.75 469.875
3 486.99999999999994 318.5 509.0 341.5
3 491.12500000000006 83.125 510.875 98.875
3 492.5 106.5 506.50000000000006 119.50000000000001
3 500.25000000000006 352.25 518.75 372.75
3 504.25000000000006 227.99999999999997 519.75 245.0
3 523.0 292.0 545.0 318.0
3 599.875 417.0 617.125 430.0
3 608.0 429.74999999999994 630.0 436.25
