4 122.25 572.125 161.75 612.875
4 133.5 390.0 161.5 475.0
4 133.75 248.25000000000003 164.25 288.75
4 213.75 481.99999999999994 252.25 559.0
4 214.50000000000003 297.25 252.5 383.75
4 222.12500000000003 110.87499999999999 248.875 193.125
4 304.125 199.875 340.875 282.125
4 305.50000000000006 386.25 343.5 469.74999999999994
4 309.125 561.875 339.87500000000006 613.125
4 392.5 479.5 430.5 560.5
4 395.25 293.24999999999994 430.74999999999994 372.75
4 398.875 106.875 416.125 190.125
4 479.49999999999994 267.25 498.5 284.75
4 483.49999999999994 389.0 507.5 474.0
4 485.99999999999994 565.5 515.0 611.5
