4 122.5 572.25 161.5 612.75
4 133.5 390.0 161.5 475.0
4 133.75 248.25000000000003 164.25 288.75
4 213.5 481.99999999999994 252.5 559.0
4 214.50000000000003 297.125 252.5 383.87499999999994
4 222.25 110.75 248.75 193.25
4 304.25 199.75 340.75 282.25
4 305.50000000000006 386.25 343.5 469.74999999999994
4 309.25000000000006 561.75 339.75 613.25
4 392.5 479.5 430.5 560.5
4 395.25 293.24999999999994 430.74999999999994 372.75
4 398.75 106.75 416.25 190.25
4 479.75 267.125 498.24999999999994 284.875
4 483.49999999999994 389.0 507.5 474.0
4 485.99999999999994 565.5 515.0 611.5
