0 323.75 481.5 358.25 504.49999999999994
0 349.74999999999994 482.5 381.25 507.5
0 378.5 224.5 399.49999999999994 258.5
0 381.0 495.0 406.0 510.0
0 418.25 450.74999999999994 455.75 477.25
0 441.25 596.0 452.75000000000006 616.0
0 464.25000000000006 358.00000000000006 492.75 381.0
0 468.75 572.0 505.25000000000006 596.0
0 477.5 546.0 510.5 571.0
0 484.25 325.5 531.75 352.5
0 497.5 527.25 520.5 543.75
0 498.75 337.25 550.25 365.74999999999994
0 531.75 530.5 561.25 550.5
0 537.75 264.5 598.25 307.5
0 543.0 617.75 568.0 634.25
