3 341.75 395.0 394.25 448.0
3 179.12499999999997 178.25 208.875 221.75
3 196.875 204.0 222.125 236.0
3 204.25 320.75 231.75 368.25
3 216.5 365.0 246.5 428.0
3 234.875 331.875 262.125 382.12500000000006
3 236.25 189.25 268.75 224.74999999999997
3 241.125 297.125 258.875 332.875
3 244.125 172.87499999999997 266.875 200.125
3 247.125 261.5 281.875 317.5
3 249.5 189.25 279.5 217.75000000000003
3 254.0 382.875 279.0 422.125
3 256.25 297.125 281.75 342.875
3 265.0 169.0 286.0 189.0
3 274.5 290.75 288.5 329.25
3 279.5 158.25 299.5 183.75
3 283.5 343.87499999999994 309.5 404.125
3 287.75 185.49999999999997 308.25 207.5
3 294.0 290.875 322.0 336.12500000000006
3 299.0 162.0 315.0 182.0
3 302.125 387.0 329.87500000000006 460.0
3 312.25 180.25 328.75 204.75
3 321.25 144.25 334.74999999999994 171.75
3 321.75 343.5 349.25 399.49999999999994
3 328.75 217.75 356.25 255.25
3 334.75 158.0 344.25000000000006 180.0
3 338.75 268.75 382.24999999999994 328.25
3 351.125 185.875 371.875 233.125
3 358.24999999999994 315.74999999999994 399.75 400.25
3 362.24999999999994 157.125 383.75 186.875
3 374.25 180.0 401.75 212.00000000000003
3 376.125 237.0 398.875 269.0
3 391.0 176.25 411.99999999999994 203.75
3 394.125 222.00000000000003 414.87500000000006 265.0
3 404.49999999999994 374.875 448.5 453.125
3 408.25 314.75 441.75 394.25000000000006
3 414.875 174.5 431.125 204.5
3 443.5 292.5 471.5 347.5
3 468.5 310.875 528.5 392.125
3 474.25000000000006 276.125 529.75 343.875
3 501.0 378.87499999999994 544.0 447.125
3 506.75 329.25000000000006 553.25 379.75
3 556.125 276.0 596.875 321.0
3 560.875 375.0 606.125 439.00000000000006
3 565.75 326.5 604.25 371.5
3 599.0 326.25 637.0 397.75000000000006
3 600.75 278.75 628.25 328.25
3 621.5 376.0 639.5 439.0
