3 341.875 395.0 394.12499999999994 448.0
3 179.24999999999997 178.5 208.75 221.5
3 196.75 204.0 222.24999999999997 236.0
3 204.125 320.87500000000006 231.875 368.125
3 216.5 365.0 246.5 428.0
3 234.875 331.875 262.125 382.12500000000006
3 236.125 189.12499999999997 268.875 224.875
3 241.125 297.125 258.875 332.875
3 244.25 172.75 266.75 200.25
3 247.125 261.5 281.875 317.5
3 249.5 189.25 279.5 217.75000000000003
3 254.0 382.75 279.0 422.25
3 256.5 297.25 281.5 342.75
3 265.0 169.0 286.0 189.0
3 274.5 290.875 288.5 329.125
3 279.5 158.12500000000003 299.5 183.87500000000003
3 283.5 343.87499999999994 309.5 404.125
3 287.75 185.49999999999997 308.25 207.5
3 294.0 290.875 322.0 336.12500000000006
3 299.0 162.0 315.0 182.0
3 302.25 387.0 329.75 460.0
3 312.125 180.125 328.87499999999994 204.875
3 321.125 144.125 334.875 171.875
3 321.75 343.5 349.25 399.49999999999994
3 328.875 217.87499999999997 356.125 255.125
3 334.87500000000006 158.0 344.125 180.0
3 338.87499999999994 268.875 382.125 328.125
3 351.25 185.75 371.75 233.25
3 358.5 315.5 399.49999999999994 400.5
3 362.24999999999994 157.125 383.75 186.875
3 374.25 180.0 401.75 212.00000000000003
3 376.125 237.0 398.875 269.0
3 391.0 176.125 411.99999999999994 203.875
3 394.25000000000006 222.00000000000003 414.75 265.0
3 404.49999999999994 374.75 448.5 453.24999999999994
3 408.125 314.87500000000006 441.875 394.125
3 414.875 174.5 431.125 204.5
3 443.5 292.25 471.5 347.75
3 468.5 310.875 528.5 392.125
3 474.5 276.25 529.5 343.75
3 501.0 378.87499999999994 544.0 447.125
3 506.75 329.25000000000006 553.25 379.75
3 556.25 276.0 596.75 321.0
3 560.75 375.0 606.25 439.00000000000006
3 565.875 326.25 604.125 371.75
3 599.0 326.25 637.0 397.75000000000006
3 600.875 278.875 628.125 328.125
3 621.5 376.0 639.5 439.0
