1 99.0 225.0 261.0 349.0
3 309.0 323.0 390.0 395.0
3 0.0 231.0 19.0 270.0
3 230.99999999999997 305.0 302.0 362.0
3 268.0 271.0 322.0 319.0
3 322.0 250.0 367.0 308.0
3 347.0 280.0 407.0 343.0
3 411.0 301.0 469.0 356.0
3 421.0 438.0 471.0 512.0
3 434.00000000000006 389.0 475.0 431.0
3 449.00000000000006 336.0 510.0 404.0
3 466.0 410.99999999999994 522.0 435.0
3 478.00000000000006 430.0 561.0 498.0
3 527.0 350.0 577.0 405.99999999999994
3 540.0 430.99999999999994 615.0 505.0
3 573.0 328.00000000000006 619.0 379.0
3 574.0 220.0 619.0 251.0
3 580.0 386.99999999999994 615.0 424.0
3 594.0 413.00000000000006 639.0 479.0
3 624.0 237.0 639.0 288.0
