1 451.75000000000006 237.25 610.25 404.75
1 428.75 112.75 591.25 278.25
1 531.125 382.12500000000006 583.875 571.875
1 576.0 399.5 630.0 573.5
1 577.125 37.875 638.875 87.125
1 589.0 401.0 639.0 599.0
1 603.0 128.125 639.0 170.875
1 628.5 157.25 638.5 182.75
3 0.1249999999999929 278.24999999999994 199.875 457.75
3 170.0 177.5 334.0 351.5
3 267.5 148.5 336.5 240.49999999999997
3 293.25 105.5 355.75 182.5
3 329.12499999999994 186.0 391.875 244.0
3 338.0 8.250000000000002 462.0 134.75
3 350.75 131.5 416.25 218.5
3 436.875 0.12500000000000178 563.125 71.875
