1 451.875 237.12500000000003 610.125 404.875
1 428.75 112.75 591.25 278.25
1 531.125 382.12500000000006 583.875 571.875
1 576.0 399.5 630.0 573.5
1 577.25 37.75 638.75 87.25
1 589.0 401.0 639.0 599.0
1 603.0 128.25 639.0 170.75
1 628.5 157.125 638.5 182.875
3 0.25000000000000355 278.5 199.75 457.5
3 170.0 177.5 334.0 351.5
3 267.75 148.5 336.25 240.49999999999997
3 293.25 105.5 355.75 182.5
3 329.12499999999994 186.0 391.875 244.0
3 338.0 8.250000000000002 462.0 134.75
3 350.875 131.75 416.12500000000006 218.25
3 436.875 0.12500000000000178 563.125 71.875
