0 0.2499999999999991 592.25 27.75 608.75
0 0.0 112.875 36.0 127.125
0 0.12500000000000178 190.12500000000003 71.875 435.875
0 21.125000000000004 588.0 37.875 602.0
0 36.0 63.5 64.0 86.5
0 285.0 0.0 627.0 291.0
0 326.5 421.25 374.49999999999994 448.75
0 345.25 377.5 375.74999999999994 396.50000000000006
0 400.75 430.50000000000006 428.25 456.5
0 496.12500000000006 503.75 530.875 522.25
0 495.87500000000006 476.125 543.125 504.875
0 545.125 321.0 594.875 356.99999999999994
0 553.25 514.0 594.75 539.0
0 586.5 537.5 632.5 559.5
0 589.5 461.875 639.5 501.125
