0 0.12499999999999956 592.125 27.874999999999996 608.875
0 0.0 112.875 36.0 127.125
0 0.12500000000000178 190.12500000000003 71.875 435.875
0 21.25 588.0 37.75 602.0
0 36.0 63.75 64.0 86.25
0 285.0 0.0 627.0 291.0
0 326.5 421.125 374.49999999999994 448.875
0 345.25 377.5 375.74999999999994 396.50000000000006
0 400.75 430.50000000000006 428.25 456.5
0 496.12500000000006 503.75 530.875 522.25
0 495.87500000000006 476.125 543.125 504.875
0 545.125 321.0 594.875 356.99999999999994
0 553.125 514.0 594.875 539.0
0 586.5 537.5 632.5 559.5
0 589.5 461.75 639.5 501.25
