0 0.12499999999999956 592.125 27.874999999999996 608.875
0 0.0 112.875 36.0 127.125
0 0.2499999999999991 190.25 71.75 435.75
0 21.125000000000004 588.0 37.875 602.0
0 36.0 63.5 64.0 86.5
0 285.0 0.0 627.0 291.0
0 326.5 421.125 374.49999999999994 448.875
0 345.25 377.5 375.74999999999994 396.50000000000006
0 400.75 430.50000000000006 428.25 456.5
0 496.25 503.49999999999994 530.75 522.5
0 495.75 476.25 543.25 504.74999999999994
0 545.25 321.0 594.75 356.99999999999994
0 553.25 514.0 594.75 539.0
0 586.5 537.5 632.5 559.5
0 589.5 461.75 639.5 501.25
