3 14.249999999999998 337.75 65.75 400.25
3 27.249999999999996 610.25 59.75 639.75
3 30.75 69.75 57.25000000000001 109.24999999999999
3 32.50000000000001 43.00000000000001 55.50000000000001 76.0
3 37.75 271.5 60.25 305.5
3 90.25 213.5 111.74999999999999 248.5
3 109.25 192.25 116.75 219.75
3 110.0 182.5 123.99999999999999 206.5
3 127.25000000000001 146.0 148.75 170.0
3 231.75 1.5000000000000013 244.25 24.5
3 266.5 259.5 313.5 325.5
3 363.0 0.0 387.0 14.0
3 372.5 265.25 407.5 305.75
3 430.0 64.5 464.00000000000006 123.50000000000001
3 593.5 44.25 630.5 96.75
