2 12.249999999999998 493.5 30.75 516.5
2 31.0 498.75 49.0 521.25
2 33.25 194.75 54.75000000000001 221.25
2 45.5 211.0 64.5 240.0
2 67.5 228.5 88.5 258.5
2 130.0 472.75 181.0 522.25
2 143.25 305.0 155.75 329.0
2 168.0 278.5 179.00000000000003 308.5
2 168.25 276.5 179.74999999999997 287.5
2 177.0 545.25 193.0 571.75
2 179.75 258.5 196.25 291.5
2 182.5 578.0 197.5 599.0
2 183.49999999999997 381.75 200.5 408.25
2 191.0 312.75 205.0 337.25
2 195.0 392.24999999999994 212.99999999999997 418.75
2 196.0 577.25 211.0 600.75
2 199.0 272.75 220.0 309.25
2 203.75 587.0 216.25 609.0
2 213.5 395.25000000000006 226.5 418.75
2 214.25 321.5 231.75 343.5
2 217.75 108.5 305.25 206.5
2 250.49999999999997 2.2499999999999964 352.5 149.75
2 254.25 512.75 331.75 589.25
2 277.0 262.75 347.0 340.25
2 395.75 185.0 418.25 215.0
2 415.75 119.0 438.25 149.0
2 434.0 64.75 458.00000000000006 83.25000000000001
2 452.5 39.5 477.5 70.5
2 455.74999999999994 115.49999999999999 472.25 136.5
2 472.75 50.5 495.25 79.5
2 484.5 117.74999999999999 500.5 131.25
2 493.5 77.25 514.5 86.74999999999999
2 521.5 475.75 538.5 501.25
2 524.0 498.75 541.0 525.25
2 531.75 460.99999999999994 548.25 490.0
2 542.5 408.75 560.5 436.25
2 548.0 395.25000000000006 564.0 413.75
2 564.75 395.0 576.25 415.99999999999994
2 597.5 515.25 613.5 542.75
2 603.5 580.25 620.5 602.75
2 616.75 591.75 628.25 609.25
2 623.25 525.25 639.75 551.75
2 623.25 579.25 639.75 602.75
