3 188.25 179.0 244.74999999999997 256.0
3 0.2499999999999991 224.00000000000003 33.75 333.00000000000006
3 0.0 327.75000000000006 35.0 406.25
3 0.2499999999999991 452.75 57.75 547.25
3 2.2499999999999964 529.5 93.75 638.5
3 39.5 308.87499999999994 123.50000000000001 382.125
3 57.875 244.24999999999997 126.12499999999999 313.75
3 62.74999999999999 462.5 144.25 582.5
3 92.25 558.5 171.75 638.5
3 110.25 213.0 159.75 269.0
3 128.75 456.0 210.25 589.0
3 134.875 345.74999999999994 210.125 452.25
3 145.5 162.99999999999997 211.50000000000003 251.0
3 183.875 68.25 246.125 145.75
3 189.87499999999997 529.875 288.125 627.125
3 199.25 336.25 255.75 409.74999999999994
3 203.0 424.25000000000006 282.0 529.75
3 252.0 61.00000000000001 306.0 125.0
3 265.125 292.875 327.875 382.125
3 273.875 374.125 348.125 455.875
3 290.5 518.5 374.5 638.5
3 326.75 51.00000000000001 366.25 107.0
3 337.5 283.25 397.5 353.75
3 345.875 427.125 421.12500000000006 529.875
3 361.5 238.25000000000003 414.49999999999994 303.75
3 368.5 564.875 464.49999999999994 638.125
3 371.0 180.25000000000003 418.00000000000006 241.75
3 379.125 78.5 423.87499999999994 150.5
3 408.5 152.0 450.50000000000006 220.99999999999997
3 408.5 491.5 498.5 590.5
3 410.99999999999994 318.5 460.0 398.5
3 422.75 233.75 474.25000000000006 280.25
3 427.75000000000006 43.24999999999999 461.25 97.75
3 430.0 424.0 489.00000000000006 504.0
3 453.75 142.49999999999997 487.24999999999994 195.49999999999997
3 456.5 89.75 498.5 139.25
3 460.0 65.75 490.0 104.25
3 476.875 484.87500000000006 546.125 582.125
3 482.875 321.5 540.125 409.49999999999994
3 487.25 392.0 537.75 485.0
3 491.12500000000006 136.0 530.875 205.0
3 526.0 180.87500000000003 573.0 251.125
3 537.875 406.50000000000006 570.125 502.5
3 564.5 409.5 595.5 494.5
3 565.5 348.49999999999994 614.5 417.5
3 577.75 278.5 638.25 350.5
3 616.0 339.5 639.0 414.5
