0 317.49999999999994 529.0 413.49999999999994 594.0
0 0.0 263.875 27.0 284.125
0 0.0 276.875 32.0 302.125
0 0.0 444.5 41.0 480.5
0 0.2499999999999991 472.75 57.75 532.25
0 24.124999999999996 164.25 177.875 199.74999999999997
0 29.5 266.5 74.5 288.5
0 62.875 372.87499999999994 157.125 423.125
0 93.25 313.5 136.75 335.50000000000006
0 137.0 295.25 197.0 331.75000000000006
0 142.0 280.875 197.0 301.125
0 156.25 392.5 259.75 444.5
0 158.75000000000003 365.74999999999994 243.25000000000003 405.25
0 163.75 491.75000000000006 399.25 610.25
0 206.0 296.25 260.0 327.75
0 210.0 282.5 269.0 301.5
0 269.0 145.0 451.99999999999994 181.0
0 355.875 206.875 595.125 261.125
0 412.0 294.5 472.0 334.5
0 445.50000000000006 301.875 523.5 341.125
0 451.99999999999994 331.99999999999994 526.0 356.0
0 496.75000000000006 277.5 567.25 306.5
0 513.25 372.75 606.75 423.24999999999994
0 514.125 295.75 593.875 340.25
0 555.5 402.75 638.5 468.24999999999994
0 615.75 390.125 638.25 414.875
