0 317.49999999999994 529.0 413.49999999999994 594.0
0 0.0 263.75 27.0 284.25
0 0.0 276.875 32.0 302.125
0 0.0 444.5 41.0 480.5
0 0.12499999999999734 472.875 57.875 532.125
0 24.25 164.5 177.75 199.5
0 29.5 266.5 74.5 288.5
0 62.75 372.75 157.25 423.24999999999994
0 93.125 313.5 136.875 335.50000000000006
0 137.0 295.125 197.0 331.875
0 142.0 280.75 197.0 301.25
0 156.125 392.5 259.875 444.5
0 158.75000000000003 365.74999999999994 243.25000000000003 405.25
0 163.875 491.875 399.12499999999994 610.125
0 206.0 296.125 260.0 327.875
0 210.0 282.25 269.0 301.75
0 269.0 145.0 451.99999999999994 181.0
0 355.74999999999994 206.74999999999997 595.25 261.25
0 412.0 294.5 472.0 334.5
0 445.50000000000006 301.875 523.5 341.125
0 451.99999999999994 331.99999999999994 526.0 356.0
0 496.75000000000006 277.5 567.25 306.5
0 513.25 372.75 606.75 423.24999999999994
0 514.25 295.5 593.75 340.5
0 555.5 402.75 638.5 468.24999999999994
0 615.5 390.25 638.5 414.75
