3 170.0 305.25 246.0 372.75
3 0.12499999999999956 585.5 35.875 627.5
3 67.0 199.25 111.00000000000001 261.75
3 85.75 370.875 114.25 424.125
3 86.25 411.0 121.75 446.0
3 110.75 194.0 134.25 219.0
3 120.25 222.25 155.75 262.75
3 170.25 238.5 213.75 302.5
3 229.50000000000003 265.0 277.5 321.0
3 269.5 470.50000000000006 312.5 551.5
3 290.0 101.875 320.0 150.125
3 298.5 555.0 346.5 599.0
3 306.5 311.5 357.5 393.5
3 317.875 153.75 362.125 212.25
3 322.875 77.49999999999999 360.12499999999994 131.5
3 343.49999999999994 0.24999999999999467 402.5 80.75
3 346.12500000000006 566.0 387.875 609.0
3 373.75 536.5 420.25000000000006 584.5
3 393.75 228.875 452.24999999999994 321.125
3 552.75 551.5 592.25 604.5
3 574.25 111.125 611.75 193.875
3 596.75 528.5 639.25 592.5
3 619.5 225.75 639.5 272.25
