3 170.0 305.125 246.0 372.875
3 0.25000000000000133 585.5 35.75 627.5
3 67.0 199.25 111.00000000000001 261.75
3 85.5 370.75 114.5 424.25
3 86.125 411.0 121.875 446.0
3 110.875 194.0 134.125 219.0
3 120.12500000000001 222.125 155.875 262.875
3 170.25 238.5 213.75 302.5
3 229.50000000000003 265.0 277.5 321.0
3 269.75 470.25 312.25 551.75
3 290.0 101.875 320.0 150.125
3 298.5 555.0 346.5 599.0
3 306.25000000000006 311.5 357.75000000000006 393.5
3 317.75 153.5 362.25 212.5
3 322.875 77.49999999999999 360.12499999999994 131.5
3 343.75 0.12500000000000178 402.24999999999994 80.87499999999999
3 346.12500000000006 566.0 387.875 609.0
3 373.875 536.5 420.125 584.5
3 393.75 228.875 452.24999999999994 321.125
3 552.875 551.75 592.125 604.25
3 574.25 111.125 611.75 193.875
3 596.875 528.5 639.125 592.5
3 619.5 225.49999999999997 639.5 272.5
