3 0.0 439.25 80.0 543.75
3 0.0 0.0 360.0 363.0
3 83.0 458.125 138.0 536.875
3 118.25 357.87499999999994 195.75 463.125
3 126.12499999999999 478.00000000000006 172.87499999999997 544.0
3 200.0 610.125 237.00000000000003 639.875
3 224.0 346.5 301.0 433.5
3 250.25 261.0 323.75 360.0
3 257.75 568.5 304.25 626.5
3 324.0 286.125 386.99999999999994 368.875
3 366.0 0.0 619.0 110.0
3 374.12499999999994 72.5 461.875 182.5
3 391.75 297.0 448.25 363.0
3 472.125 414.0 505.875 453.00000000000006
3 485.0 358.75 518.0 408.25
3 490.12499999999994 272.0 535.875 331.0
3 510.875 425.125 540.125 464.875
3 561.5 257.75 594.5 305.25
3 566.5 297.0 591.5 327.0
3 567.5 323.875 597.5 371.125
