3 0.0 206.0 33.0 311.0
3 0.0 408.5 46.0 514.5
3 80.0 329.25 130.0 406.75
3 110.75 363.00000000000006 199.25 451.0
3 113.0 442.5 182.0 562.5
3 148.25 317.75 174.74999999999997 344.25000000000006
3 171.50000000000003 50.25 205.5 95.75
3 171.50000000000003 418.0 244.5 542.0
3 173.5 523.75 197.5 567.25
3 174.00000000000003 79.0 247.0 195.0
3 176.5 534.5 267.5 639.5
3 213.25 236.5 261.75 302.5
3 266.0 162.99999999999997 329.0 251.0
3 274.25 261.25 336.75 300.75
3 291.75 518.0 326.25 567.0
3 295.0 340.75 311.0 379.25
3 307.0 400.25 395.0 502.75
3 316.75 171.25 369.25 266.75
3 335.25000000000006 85.5 393.75 206.5
3 366.25 172.99999999999997 430.75 280.0
3 389.75 82.5 443.24999999999994 181.5
3 420.75 516.25 476.25 578.75
3 424.49999999999994 280.0 508.5 402.0
3 457.75 400.99999999999994 479.25000000000006 435.0
3 463.0 202.5 475.0 239.50000000000003
3 478.00000000000006 232.5 556.0 356.5
