3 194.24999999999997 432.75 288.75 553.25
3 69.5 173.5 140.5 278.5
3 80.875 282.875 165.12500000000003 387.125
3 128.875 137.125 193.125 228.87500000000003
3 135.75 212.5 220.25 302.5
3 152.25 301.125 247.75 411.875
3 155.00000000000003 384.12499999999994 207.00000000000003 496.875
3 159.75 53.50000000000001 224.25 147.5
3 197.0 156.0 249.00000000000003 230.0
3 210.12500000000003 381.0 266.875 444.0
3 215.0 84.25 277.0 173.75
3 222.875 222.875 279.125 304.125
3 253.0 147.25 329.0 228.75
3 253.0 271.75 337.0 378.25
3 261.5 216.5 339.5 281.5
3 269.75 373.875 334.25 461.125
3 283.875 83.125 354.125 156.875
3 297.125 412.0 376.875 510.0
3 318.75 218.75 368.25 289.25
3 324.25 34.75 390.75 114.25
3 329.5 149.25 395.5 242.75000000000003
3 336.0 308.0 418.00000000000006 405.0
3 346.12500000000006 110.125 405.875 168.875
3 358.125 269.75 418.875 344.25
3 366.0 411.75 418.00000000000006 493.25
3 374.0 183.125 414.0 261.875
3 383.5 64.5 448.5 155.5
3 399.0 155.5 439.0 209.5
3 401.75 206.5 473.25 292.5
3 420.99999999999994 43.125 470.0 102.875
3 425.5 365.50000000000006 495.5 453.5
3 439.00000000000006 109.75000000000001 500.0 176.25
3 453.75 160.25000000000003 528.25 251.75
3 462.875 271.125 537.125 374.875
3 490.0 350.87500000000006 533.0 423.125
3 518.0 212.125 570.0 282.875
3 524.25 266.0 587.75 354.0
