3 194.24999999999997 432.75 288.75 553.25
3 69.75 173.75 140.25 278.25
3 80.875 282.875 165.12500000000003 387.125
3 128.75000000000003 137.25 193.25000000000003 228.75
3 135.875 212.5 220.12500000000003 302.5
3 152.25 301.125 247.75 411.875
3 155.00000000000003 384.12499999999994 207.00000000000003 496.875
3 159.75 53.50000000000001 224.25 147.5
3 197.0 156.0 249.00000000000003 230.0
3 210.12500000000003 381.0 266.875 444.0
3 215.0 84.5 277.0 173.5
3 222.875 222.875 279.125 304.125
3 253.0 147.25 329.0 228.75
3 253.0 271.75 337.0 378.25
3 261.5 216.25 339.5 281.75
3 269.75 373.875 334.25 461.125
3 283.75 83.25 354.25 156.75
3 297.25 412.0 376.75000000000006 510.0
3 318.875 218.875 368.125 289.125
3 324.125 34.875 390.875 114.125
3 329.5 149.125 395.5 242.875
3 336.0 308.0 418.00000000000006 405.0
3 346.25 110.24999999999999 405.75 168.75
3 358.125 269.75 418.875 344.25
3 366.0 411.75 418.00000000000006 493.25
3 374.0 183.25 414.0 261.75
3 383.75 64.25 448.25 155.75
3 399.0 155.5 439.0 209.5
3 401.875 206.5 473.125 292.5
3 420.99999999999994 43.24999999999999 470.0 102.75
3 425.5 365.50000000000006 495.5 453.5
3 439.00000000000006 109.50000000000001 500.0 176.50000000000003
3 453.75 160.25000000000003 528.25 251.75
3 462.875 271.125 537.125 374.875
3 490.0 350.75 533.0 423.25
3 518.0 212.125 570.0 282.875
3 524.25 266.0 587.75 354.0
