3 3.999999999999999 0.0 58.00000000000001 51.0
3 12.25 48.0 56.75000000000001 83.0
3 15.0 103.75 61.0 167.25
3 38.0 146.75 102.0 205.25000000000003
3 116.00000000000001 284.49999999999994 170.0 361.5
3 120.49999999999999 46.25 173.49999999999997 101.75
3 157.49999999999997 245.0 215.49999999999997 323.0
3 169.74999999999997 63.5 209.25 140.5
3 203.0 68.0 257.0 147.0
3 206.0 272.0 259.0 346.0
3 207.5 6.25 241.5 33.75
3 207.75 338.75 272.25 425.25000000000006
3 225.75 489.5 278.25 522.5
3 266.5 362.25 324.5 421.75000000000006
3 273.0 145.75 328.0 220.25000000000003
3 298.25 427.25 349.75 492.75
3 401.50000000000006 255.75 437.5 305.25
3 407.75 196.0 460.25 280.0
3 469.25 350.25 490.75 401.75000000000006
3 480.0 618.25 494.00000000000006 637.75
3 480.0 220.5 538.0 296.5
