2 6.250000000000002 241.75 37.75 282.25
2 39.0 262.0 75.0 356.0
2 68.0 225.75 90.0 260.25
2 75.00000000000001 302.25 96.00000000000001 349.75
2 125.75 241.75 161.25 355.25
2 179.0 299.25000000000006 200.0 364.75
2 195.25000000000003 230.5 221.75 326.5
2 224.125 263.125 251.875 316.875
2 243.0 213.5 255.99999999999997 231.5
2 250.25 231.75 264.75 287.25
2 276.125 309.125 294.875 340.875
2 289.125 325.87500000000006 301.875 348.125
2 296.875 195.875 326.125 290.125
2 306.0 272.75 341.0 389.25000000000006
2 337.25 240.5 369.75 308.5
2 368.75 197.75 381.25 242.25
2 384.75 235.49999999999997 402.25 262.5
2 426.0 286.125 451.0 321.875
2 474.12499999999994 285.0 496.875 352.0
2 481.5 184.75 505.50000000000006 207.25
2 481.25 205.0 508.75 247.00000000000003
2 493.0 253.875 515.0 294.125
2 505.0 274.125 528.0 338.87499999999994
2 601.0 215.5 615.0 241.50000000000003
