2 6.500000000000002 241.5 37.5 282.5
2 39.0 262.0 75.0 356.0
2 68.0 225.75 90.0 260.25
2 75.00000000000001 302.25 96.00000000000001 349.75
2 125.875 241.875 161.125 355.125
2 179.0 299.125 200.0 364.87500000000006
2 195.12500000000003 230.5 221.875 326.5
2 224.25 263.25 251.75 316.75
2 243.0 213.5 255.99999999999997 231.5
2 250.25 231.75 264.75 287.25
2 276.25 309.25 294.75 340.75
2 289.25 325.75 301.75 348.25
2 296.875 195.875 326.125 290.125
2 306.0 272.875 341.0 389.125
2 337.125 240.5 369.87500000000006 308.5
2 368.75 197.75 381.25 242.25
2 384.75 235.49999999999997 402.25 262.5
2 426.0 286.25 451.0 321.75
2 474.25 285.0 496.75 352.0
2 481.5 184.875 505.50000000000006 207.12500000000003
2 481.25 205.0 508.75 247.00000000000003
2 493.0 253.875 515.0 294.125
2 505.0 274.125 528.0 338.87499999999994
2 601.0 215.5 615.0 241.50000000000003
