2 6.500000000000002 241.5 37.5 282.5
2 39.0 262.0 75.0 356.0
2 68.0 225.5 90.0 260.5
2 75.00000000000001 302.5 96.00000000000001 349.5
2 125.75 241.75 161.25 355.25
2 179.0 299.125 200.0 364.87500000000006
2 195.12500000000003 230.5 221.875 326.5
2 224.25 263.25 251.75 316.75
2 243.0 213.5 255.99999999999997 231.5
2 250.125 231.875 264.875 287.125
2 276.125 309.125 294.875 340.875
2 289.125 325.87500000000006 301.875 348.125
2 296.875 195.875 326.125 290.125
2 306.0 272.75 341.0 389.25000000000006
2 337.125 240.5 369.87500000000006 308.5
2 368.875 197.875 381.125 242.125
2 384.87500000000006 235.75 402.125 262.25
2 426.0 286.25 451.0 321.75
2 474.12499999999994 285.0 496.875 352.0
2 481.5 184.875 505.50000000000006 207.12500000000003
2 481.125 205.0 508.875 247.00000000000003
2 493.0 253.875 515.0 294.125
2 505.0 274.25 528.0 338.75
2 601.0 215.5 615.0 241.50000000000003
