3 0.0 201.5 12.0 232.5
3 0.0 344.0 13.0 371.0
3 0.2500000000000002 426.99999999999994 16.75 454.0
3 3.2499999999999996 232.75 16.75 245.25
3 4.25 160.75 25.75 185.25000000000003
3 4.75 81.25 20.25 105.75
3 10.499999999999998 555.0 30.5 586.0
3 13.75 52.74999999999999 36.25 74.25
3 18.749999999999996 416.50000000000006 42.25 447.5
3 30.25 458.5 55.74999999999999 494.49999999999994
3 49.25000000000001 609.5 68.75 635.5
3 57.5 4.5 77.5 29.5
3 67.75 194.25 84.24999999999999 211.75
3 84.5 380.75 105.5 404.25
3 89.75 282.75 114.24999999999999 309.25
3 100.0 53.5 120.0 81.5
3 105.25 116.25 127.75 142.75
3 106.5 575.75 125.49999999999999 604.25
3 109.5 154.99999999999997 125.5 177.99999999999997
3 111.0 548.75 122.99999999999999 577.25
3 130.5 249.5 155.5 279.5
3 130.75 289.25 146.25 304.75
3 137.5 463.75 149.5 482.24999999999994
3 140.75 348.00000000000006 154.25 364.0
3 141.75 7.000000000000002 162.24999999999997 30.0
3 144.25 430.5 168.75 464.5
3 154.5 488.00000000000006 165.5 516.0
3 159.5 37.50000000000001 169.5 60.50000000000001
3 177.0 58.75 197.0 85.25
3 191.25 84.25 208.75 105.75
3 196.25 133.25 212.75 159.75
3 197.5 294.25 211.5 308.75
3 201.0 509.5 221.0 535.5
3 202.99999999999997 0.0 225.0 15.0
3 206.5 334.75 262.5 423.24999999999994
3 215.0 240.75 237.00000000000003 265.25
3 245.25 65.5 264.75 91.5
3 267.75 152.0 285.25 178.0
3 268.0 247.25 290.0 278.75
3 271.5 349.0 290.5 376.99999999999994
3 272.5 480.0 295.5 508.0
3 275.5 288.25 295.5 317.75
3 295.5 288.75 317.5 321.25
3 316.25 2.749999999999999 331.75 26.25
3 322.75000000000006 112.75 336.25 139.25
3 348.0 152.50000000000003 367.0 179.50000000000003
3 353.0 559.5 362.0 579.5
3 358.75 123.5 379.25 153.5
3 376.0 285.0 398.00000000000006 310.0
3 386.25 37.25 397.75000000000006 49.75
3 397.24999999999994 3.75 413.75 24.25
3 400.25 606.75 419.75 624.25
3 401.25 46.75000000000001 423.75 82.25
3 408.5 419.5 428.5 450.5
3 422.25 88.0 447.75 118.0
3 422.5 150.0 444.5 180.0
3 425.25 486.75000000000006 444.75 515.25
3 440.25 372.75000000000006 459.75 401.25
3 452.24999999999994 408.25 463.75 423.75
3 464.00000000000006 396.0 485.0 421.0
3 467.0 131.0 488.0 162.0
3 470.74999999999994 27.25 482.25 41.75
3 489.25000000000006 64.0 512.75 90.0
3 494.49999999999994 529.75 516.5 562.25
3 495.5 209.5 515.5 235.5
3 501.25 301.25 522.75 329.75
3 503.0 126.75 515.0 144.25
3 505.50000000000006 456.5 523.5 481.5
3 510.74999999999994 172.25 517.25 193.75
3 516.5 219.75 537.5 241.25
3 529.5 337.75000000000006 544.5 366.25
3 530.75 144.25 548.25 167.75
3 530.75 606.5 552.25 637.5
3 536.75 575.0 553.25 600.0
3 589.0 334.74999999999994 608.0 361.25
3 590.75 4.750000000000001 611.25 31.25
3 597.0 591.75 625.0 626.25
3 606.25 202.25 622.75 223.75
3 607.5 38.25 617.5 51.75
3 608.25 310.5 628.75 332.5
3 618.0 474.25 639.0 503.75
3 628.25 328.24999999999994 639.75 337.75
