0 163.75 323.0 256.25 417.0
0 0.0 344.0 46.0 419.0
0 0.0 311.5 48.0 359.49999999999994
0 106.25 320.5 180.75 417.5
0 198.5 290.00000000000006 271.5 384.00000000000006
0 249.125 398.00000000000006 301.875 469.0
0 251.0 380.0 316.0 442.0
0 268.875 361.125 343.125 419.875
0 277.5 301.875 357.5 403.125
3 140.00000000000003 440.75 227.00000000000003 536.25
3 0.0 415.0 60.0 505.0
3 30.5 312.25 104.5 411.75000000000006
3 51.25 395.75 93.75 471.25
3 56.49999999999999 484.5 125.5 519.5
3 80.0 407.87499999999994 157.0 508.125
3 116.75 282.5 184.25 327.5
3 175.0 291.5 207.99999999999997 327.5
3 205.25000000000003 395.75 276.75 511.25
3 252.5 269.0 309.5 336.0
3 312.0 282.25 373.0 365.74999999999994
