0 163.75 323.0 256.25 417.0
0 0.0 344.0 46.0 419.0
0 0.0 311.5 48.0 359.49999999999994
0 106.25 320.5 180.75 417.5
0 198.5 290.00000000000006 271.5 384.00000000000006
0 249.25 398.00000000000006 301.75 469.0
0 251.0 380.0 316.0 442.0
0 268.75 361.25 343.25 419.74999999999994
0 277.5 301.875 357.5 403.125
3 140.00000000000003 440.875 227.00000000000003 536.125
3 0.0 415.0 60.0 505.0
3 30.5 312.50000000000006 104.5 411.50000000000006
3 51.25 395.75 93.75 471.25
3 56.25 484.25000000000006 125.75 519.75
3 80.0 407.87499999999994 157.0 508.125
3 116.75 282.5 184.25 327.5
3 175.0 291.5 207.99999999999997 327.5
3 205.12500000000003 395.875 276.875 511.12500000000006
3 252.25 269.0 309.75 336.0
3 312.0 282.25 373.0 365.74999999999994
