3 149.74999999999997 62.000000000000014 198.25 134.0
3 0.0 0.0 73.0 72.0
3 2.5 85.0 57.5 180.0
3 39.5 76.25 76.5 120.75
3 51.99999999999999 350.74999999999994 79.0 395.25
3 123.0 44.0 160.0 111.0
3 234.00000000000003 284.25 252.0 299.75
3 234.875 250.5 264.125 276.5
3 286.125 304.0 312.875 334.0
3 290.25 206.0 305.75 240.0
3 327.125 276.5 339.87500000000006 306.5
3 411.125 18.0 431.875 44.0
3 436.5 10.75 450.50000000000006 39.25
3 456.12500000000006 88.875 477.875 129.125
3 475.875 51.5 492.125 87.5
