3 93.5 463.5 148.5 548.5
3 27.0 573.25 63.0 639.75
3 40.75 611.75 107.25000000000001 639.25
3 72.75 550.75 114.25 600.25
3 97.0 556.25 147.0 596.75
3 98.0 595.5 123.0 636.5
3 117.0 562.125 162.0 622.875
3 132.125 521.125 183.875 565.875
3 144.875 425.99999999999994 189.12499999999997 500.0
3 149.25 598.75 212.75000000000003 639.25
3 178.125 532.875 213.87500000000003 599.125
3 184.25 470.5 207.75000000000003 522.5
3 186.25 347.0 227.75 395.0
3 186.25 384.5 247.75 470.5
3 207.99999999999997 543.5 255.0 622.5
3 208.25 269.5 269.75 343.5
3 219.0 473.00000000000006 236.0 534.0
3 227.5 555.0 277.5 626.0
3 230.99999999999997 469.87500000000006 262.0 547.125
3 232.99999999999997 378.0 250.0 407.0
3 235.25 224.74999999999997 279.75 284.25
3 250.5 137.25 309.5 207.75
3 250.75000000000003 392.0 311.25 478.0
3 262.125 492.875 279.875 556.125
3 273.0 480.75 304.0 543.25
3 277.75 236.25 322.25 298.75
3 279.875 273.0 326.125 340.0
3 289.125 399.0 358.87499999999994 493.00000000000006
3 300.25 313.75 355.74999999999994 389.25
3 316.5 152.0 356.5 225.0
3 326.0 226.0 369.0 314.0
3 333.75 0.0 363.25 89.0
3 344.0 72.75 406.99999999999994 136.25
3 349.0 299.0 418.00000000000006 386.0
3 351.5 28.25 383.5 89.75000000000001
3 358.00000000000006 154.5 449.0 284.5
3 359.00000000000006 0.0 405.0 36.0
3 383.5 0.0 430.50000000000006 93.0
3 405.5 110.24999999999999 442.5 166.75
3 410.0 236.0 479.00000000000006 326.0
3 415.5 3.4999999999999964 474.5 111.5
3 439.0 100.0 481.0 167.0
3 441.5 181.25 498.5 239.75
3 451.5 0.2499999999999991 486.5 29.75
3 474.5 31.999999999999993 509.5 115.0
3 481.12500000000006 102.5 542.875 210.5
3 484.25 0.0 543.75 54.0
3 496.75000000000006 36.0 562.25 95.0
3 531.0 89.125 592.0 185.875
