3 93.75 463.75 148.25 548.25
3 27.0 573.25 63.0 639.75
3 40.875 611.875 107.125 639.125
3 72.75 550.75 114.25 600.25
3 97.0 556.25 147.0 596.75
3 98.0 595.5 123.0 636.5
3 117.0 562.125 162.0 622.875
3 132.125 521.125 183.875 565.875
3 144.75 425.99999999999994 189.25 500.0
3 149.25 598.75 212.75000000000003 639.25
3 178.25000000000003 532.75 213.75 599.25
3 184.25 470.5 207.75000000000003 522.5
3 186.125 347.0 227.87499999999997 395.0
3 186.5 384.5 247.5 470.5
3 207.99999999999997 543.75 255.0 622.25
3 208.25 269.5 269.75 343.5
3 219.0 473.00000000000006 236.0 534.0
3 227.5 555.0 277.5 626.0
3 230.99999999999997 469.75 262.0 547.25
3 232.99999999999997 378.0 250.0 407.0
3 235.125 224.875 279.875 284.125
3 250.25 137.125 309.75 207.875
3 250.87500000000003 392.0 311.125 478.0
3 262.25 492.75000000000006 279.75 556.25
3 273.0 480.75 304.0 543.25
3 277.875 236.125 322.125 298.875
3 279.75 273.0 326.25 340.0
3 289.25 399.0 358.75 493.00000000000006
3 300.12499999999994 313.875 355.875 389.125
3 316.5 152.0 356.5 225.0
3 326.0 226.0 369.0 314.0
3 333.875 0.0 363.125 89.0
3 344.0 72.875 406.99999999999994 136.125
3 349.0 299.0 418.00000000000006 386.0
3 351.5 28.25 383.5 89.75000000000001
3 358.00000000000006 154.5 449.0 284.5
3 359.00000000000006 0.0 405.0 36.0
3 383.75 0.0 430.25000000000006 93.0
3 405.5 110.24999999999999 442.5 166.75
3 410.0 236.0 479.00000000000006 326.0
3 415.5 3.4999999999999964 474.5 111.5
3 439.0 100.0 481.0 167.0
3 441.75 181.125 498.25 239.875
3 451.5 0.2499999999999991 486.5 29.75
3 474.25000000000006 31.999999999999993 509.75 115.0
3 481.25 102.5 542.75 210.5
3 484.49999999999994 0.0 543.5 54.0
3 496.875 36.0 562.125 95.0
3 531.0 89.25 592.0 185.75
