0 502.75000000000006 453.75 581.25 546.25
0 362.12500000000006 244.0 396.875 294.0
0 371.125 308.5 396.875 342.5
0 385.75 326.5 421.25 370.50000000000006
0 396.0 280.5 436.99999999999994 324.5
0 397.0 242.5 430.0 264.5
0 397.875 258.125 435.12499999999994 293.875
0 419.75 337.5 447.25 364.5
0 431.50000000000006 268.5 462.5 319.5
0 448.0 353.5 470.0 381.5
0 457.24999999999994 299.75 493.75 347.25
0 463.75 371.99999999999994 504.25 406.0
0 484.0 321.875 524.0 368.125
0 488.5 286.25 518.5 319.75
0 503.0 373.125 525.0 398.875
0 513.0 281.5 558.0 319.5
0 517.125 305.875 545.875 352.125
0 523.875 359.75 551.125 382.25
