3 340.0 106.50000000000003 525.0 295.5
3 176.0 61.99999999999999 268.0 220.0
3 220.0 246.5 440.0 468.5
3 248.0 0.0 353.0 62.0
3 251.74999999999997 184.5 342.25 249.5
3 251.99999999999994 25.749999999999993 389.0 181.25
3 382.5 8.75 521.5 164.25
3 432.0 266.75000000000006 552.0 452.25
3 464.0 0.0 534.0 38.0
3 483.0 35.50000000000001 595.0 229.5
3 547.0 0.24999999999999467 604.0 106.75
3 554.5 328.75 639.5 482.24999999999994
3 580.0 136.5 639.0 297.5
3 601.0 90.75 637.0 164.25
3 604.0 15.249999999999995 639.0 106.75
