5 21.500000000000004 329.5 76.5 435.5
5 50.87499999999999 539.125 86.12499999999999 587.875
5 108.875 532.875 196.125 639.125
5 114.75 210.0 177.25 391.0
5 139.99999999999997 410.99999999999994 192.99999999999997 450.0
5 154.5 26.75 217.5 110.24999999999999
5 169.0 300.125 226.0 394.875
5 198.87500000000003 390.125 248.125 466.875
5 295.875 387.125 328.125 433.87499999999994
5 316.5 171.5 369.49999999999994 237.5
5 348.125 107.12499999999999 403.875 176.875
5 438.24999999999994 311.0 489.75 371.99999999999994
5 469.74999999999994 376.99999999999994 526.25 471.0
5 471.0 168.0 513.0 259.0
5 497.25 177.75 570.75 287.25
