5 21.750000000000004 329.5 76.25 435.5
5 50.74999999999999 539.25 86.25 587.75
5 108.875 532.875 196.125 639.125
5 114.875 210.0 177.125 391.0
5 139.99999999999997 410.99999999999994 192.99999999999997 450.0
5 154.25 26.875 217.75000000000003 110.125
5 169.0 300.25 226.0 394.75
5 198.87500000000003 390.125 248.125 466.875
5 295.75 387.24999999999994 328.25 433.75
5 316.5 171.5 369.49999999999994 237.5
5 348.125 107.12499999999999 403.875 176.875
5 438.5 311.0 489.49999999999994 371.99999999999994
5 469.49999999999994 376.99999999999994 526.5 471.0
5 471.0 168.0 513.0 259.0
5 497.25 177.75 570.75 287.25
