3 0.0 5.999999999999998 11.0 33.0
3 0.5000000000000004 82.25 36.5 134.75
3 8.75 187.00000000000003 41.25 230.0
3 23.0 384.0 40.0 403.00000000000006
3 23.5 261.0 35.5 296.0
3 44.0 307.5 70.0 320.5
3 50.24999999999999 2.5 71.75 35.5
3 64.25 345.5 90.75 387.5
3 73.0 299.0 103.0 341.0
3 84.50000000000001 72.0 106.5 101.0
3 92.99999999999999 135.5 121.0 170.5
3 93.5 355.75 106.5 386.25
3 94.75000000000001 390.0 126.25 430.0
3 123.50000000000001 392.75 164.5 450.25
3 144.5 202.99999999999997 229.5 286.0
3 152.75 68.0 183.25 113.99999999999999
3 157.0 0.2499999999999991 190.0 40.74999999999999
3 166.75 52.25 188.25 78.75
3 199.75 430.25 222.25 466.75000000000006
3 203.5 336.0 238.5 383.00000000000006
3 226.25 481.0 262.75 526.0
3 233.25 70.5 335.75 169.5
3 263.25 607.75 288.75 636.25
3 284.0 568.25 314.0 619.75
3 290.75 0.0 306.25 24.0
3 309.75 569.5 333.24999999999994 616.5
3 311.24999999999994 1.9999999999999996 334.74999999999994 32.0
3 319.25 354.75 335.75 389.25000000000006
3 366.25 283.75 391.75 318.25
3 374.00000000000006 114.75 400.0 154.25
3 401.25 51.25 427.75000000000006 88.75
3 401.5 445.5 429.49999999999994 482.5
3 424.75 71.0 448.24999999999994 106.0
3 432.0 242.5 447.0 276.5
3 439.49999999999994 88.75 466.5 131.25
3 443.5 304.5 471.5 340.5
3 450.0 275.25 472.0 291.75
3 450.74999999999994 520.75 490.25 571.25
3 466.5 0.0 489.49999999999994 20.0
3 470.0 75.75 495.0 101.25
3 493.5 404.25000000000006 519.5 437.75
3 500.5 135.0 524.5 172.0
3 506.75 494.25000000000006 533.25 527.75
3 511.75000000000006 34.25 537.25 70.75
3 520.0 172.75 551.0 215.25
3 528.0 633.0 548.0 639.0
3 541.75 341.5 560.25 371.5
3 547.5 240.25 566.5 277.75
3 558.0 58.24999999999999 639.0 148.75
3 565.25 537.25 601.75 587.75
3 569.25 235.99999999999997 597.75 277.0
3 615.75 228.0 633.25 271.0
