1 144.25 498.75 355.75 639.25
1 386.5 418.75 639.5 639.25
3 433.125 469.875 517.875 560.125
3 142.5 430.0 217.5 510.99999999999994
3 231.74999999999997 429.75 316.25 507.25
3 317.875 413.75 380.12499999999994 520.25
3 371.75 480.0 433.25 554.0
3 391.99999999999994 417.25 461.0 494.75
3 434.0 363.24999999999994 481.0 429.75
3 469.75 394.75 532.25 480.25
3 517.5 361.99999999999994 558.5 436.0
3 534.0 303.75 593.0 376.25
3 574.5 469.0 637.5 576.0
3 580.75 406.50000000000006 632.25 472.5
3 597.75 382.0 628.25 400.0
3 606.125 333.875 639.875 376.125
