1 144.125 498.87499999999994 355.875 639.125
1 386.5 418.75 639.5 639.25
3 433.125 469.875 517.875 560.125
3 142.5 430.0 217.5 510.99999999999994
3 231.74999999999997 429.75 316.25 507.25
3 317.75 413.5 380.25 520.5
3 371.75 480.0 433.25 554.0
3 391.99999999999994 417.125 461.0 494.87500000000006
3 434.0 363.125 481.0 429.875
3 469.87500000000006 394.875 532.125 480.125
3 517.75 361.99999999999994 558.25 436.0
3 534.0 303.875 593.0 376.125
3 574.5 469.0 637.5 576.0
3 580.75 406.50000000000006 632.25 472.5
3 597.75 382.0 628.25 400.0
3 606.25 333.75 639.75 376.25
