3 240.0 53.00000000000001 260.0 75.0
3 250.5 26.0 263.5 39.0
3 332.25 76.125 371.75000000000006 85.875
3 353.875 23.0 363.125 37.0
3 376.12500000000006 30.25 402.875 45.75
3 416.0 0.0 436.0 11.0
3 431.12500000000006 25.999999999999996 455.875 37.0
3 450.5 0.9999999999999998 480.5 12.999999999999998
3 476.50000000000006 20.75 502.5 44.25
3 491.875 0.0 516.125 11.0
3 570.25 84.25 575.75 91.75
3 579.875 76.125 609.125 95.875
3 585.0 33.875 598.0 50.125
3 595.25 0.0 637.75 14.0
3 603.5 91.75 622.5 109.25
