3 240.0 53.00000000000001 260.0 75.0
3 250.5 26.0 263.5 39.0
3 332.5 76.25 371.50000000000006 85.75
3 353.75 23.0 363.25 37.0
3 376.12500000000006 30.25 402.875 45.75
3 416.0 0.0 436.0 11.0
3 431.25 25.999999999999996 455.75 37.0
3 450.5 0.9999999999999998 480.5 12.999999999999998
3 476.50000000000006 20.75 502.5 44.25
3 491.75 0.0 516.25 11.0
3 570.5 84.50000000000001 575.5 91.5
3 579.875 76.125 609.125 95.875
3 585.0 33.875 598.0 50.125
3 595.125 0.0 637.875 14.0
3 603.75 91.875 622.25 109.12500000000001
