3 240.0 53.00000000000001 260.0 75.0
3 250.25 26.0 263.75 39.0
3 332.25 76.125 371.75000000000006 85.875
3 353.75 23.0 363.25 37.0
3 376.25 30.5 402.75000000000006 45.5
3 416.0 0.0 436.0 11.0
3 431.25 25.999999999999996 455.75 37.0
3 450.5 0.9999999999999998 480.5 12.999999999999998
3 476.50000000000006 20.875 502.5 44.125
3 491.875 0.0 516.125 11.0
3 570.25 84.25 575.75 91.75
3 579.875 76.125 609.125 95.875
3 585.0 33.75 598.0 50.25
3 595.125 0.0 637.875 14.0
3 603.75 91.875 622.25 109.12500000000001
