0 374.25 120.99999999999997 480.75 222.0
0 0.0 233.125 12.0 276.875
0 0.25000000000000133 72.75 21.75 130.25
0 12.125 227.0 64.875 286.0
0 17.500000000000004 71.125 51.5 108.875
0 25.875000000000004 176.875 51.125 214.125
0 74.24999999999999 397.75 99.75 433.24999999999994
0 78.25 417.75 114.75 464.25000000000006
0 132.0 0.0 172.0 40.0
0 135.0 189.74999999999997 181.0 219.25
0 164.25 3.000000000000007 241.75 90.0
0 182.24999999999997 137.0 225.75 199.00000000000003
0 333.125 185.0 396.875 247.00000000000003
0 356.25 246.875 387.75000000000006 270.125
0 394.0 253.125 481.99999999999994 352.875
0 464.5 231.75 534.5 323.25
0 468.87499999999994 481.75000000000006 517.125 540.25
0 549.75 141.50000000000003 638.25 245.5
0 552.125 242.25 638.875 343.75
