3 0.0 215.99999999999997 22.0 297.0
3 0.0 103.0 26.0 150.0
3 0.0 133.0 29.0 215.0
3 0.0 64.99999999999999 33.0 103.99999999999999
3 0.0 401.0 96.0 564.0
3 0.0 554.75 137.0 639.25
3 5.0 271.0 145.0 428.00000000000006
3 22.5 148.12500000000003 58.5 208.87500000000003
3 25.500000000000004 175.0 98.5 252.99999999999997
3 30.250000000000004 88.87500000000001 53.75 147.125
3 48.5 92.0 61.5 130.0
3 58.125 151.125 103.875 195.87500000000003
3 68.0 123.0 105.0 162.0
3 88.87500000000001 105.875 127.125 165.125
3 93.875 400.0 255.125 585.0
3 100.75 170.75 167.25 219.25
3 116.25 141.75 157.75 170.25
3 135.0 251.0 231.0 374.0
3 159.0 170.87500000000003 195.0 201.125
3 165.0 189.00000000000003 232.99999999999997 253.0
3 173.0 516.0 324.0 639.0
3 213.75 171.875 246.25 232.125
3 227.25 268.25 268.75 312.75
3 233.0 222.75000000000003 269.0 268.25
3 250.125 192.125 288.875 222.875
3 251.74999999999997 229.74999999999997 306.25 298.25
3 288.0 218.25000000000003 388.0 332.75
3 331.75000000000006 156.75 410.25 243.25
3 342.125 510.125 424.87500000000006 638.875
3 344.75 349.25 443.24999999999994 526.75
3 380.0 260.5 484.00000000000006 377.5
3 390.25 165.5 431.75000000000006 230.5
3 392.75 197.75000000000003 458.24999999999994 243.25
3 429.74999999999994 581.5 471.25 636.5
3 431.75000000000006 127.74999999999999 510.25 215.25
3 435.87500000000006 365.125 518.125 519.875
3 455.25 564.25 596.75 638.75
3 456.0 186.0 547.0 318.0
3 491.12500000000006 307.0 577.875 430.0
3 491.125 453.875 629.875 618.125
3 519.0 78.75 571.0 164.25
3 540.75 164.25 606.25 236.75
3 547.25 229.24999999999997 601.75 339.75
3 564.875 392.125 639.125 533.875
3 576.875 314.49999999999994 639.125 406.5
3 595.75 226.125 634.25 314.875
3 595.0 553.125 639.0 638.875
3 599.0 110.00000000000001 639.0 227.00000000000003
