3 403.5 298.25 470.50000000000006 384.75
3 3.0000000000000004 233.0 13.0 263.0
3 14.875 239.74999999999997 22.125 268.25
3 28.0 241.5 33.0 271.5
3 28.125 248.875 39.875 292.125
3 40.12499999999999 249.875 51.875 289.125
3 49.49999999999999 255.75 62.5 292.25
3 62.0 271.25 73.0 307.75
3 82.12499999999999 272.25 101.875 311.75
3 97.5 279.875 117.5 321.125
3 119.25 282.75 138.75 321.25
3 129.0 286.0 154.0 339.0
3 151.0 295.0 167.0 352.0
3 163.875 301.0 186.125 354.0
3 183.87500000000003 301.75 213.125 358.25
3 199.00000000000003 318.00000000000006 243.0 371.0
3 209.125 420.5 230.875 454.5
3 213.5 387.5 226.5 430.5
3 226.50000000000003 390.125 250.5 436.875
3 228.49999999999997 431.875 250.5 474.12499999999994
3 231.875 319.0 271.125 394.0
3 246.25 272.875 273.75 321.125
3 250.5 398.25 288.5 453.75
3 251.5 212.0 288.5 266.0
3 260.5 165.75000000000003 288.5 206.25
3 266.125 453.125 295.875 510.87500000000006
3 269.0 334.125 311.0 404.87500000000006
3 275.125 271.75 310.875 324.25
3 278.0 215.75 323.0 272.25
3 282.5 170.0 317.5 212.99999999999997
3 286.0 420.25 316.0 477.75
3 291.0 479.875 338.0 540.125
3 301.0 344.75 358.00000000000006 420.25
3 305.12499999999994 279.125 355.875 348.87499999999994
3 309.75 222.00000000000003 352.25 275.0
3 317.875 169.0 357.125 225.0
3 319.75 427.25 360.25 490.74999999999994
3 334.5 500.0 379.5 557.0
3 345.0 354.125 420.0 443.87499999999994
3 352.125 223.0 409.87500000000006 286.0
3 354.75 169.24999999999997 395.25 218.75
3 359.75 447.875 424.25000000000006 516.125
3 380.25 514.125 437.75 593.875
3 391.99999999999994 225.125 454.0 308.875
3 396.99999999999994 172.0 444.0 225.99999999999997
3 407.75 387.25 482.25 470.74999999999994
3 427.5 464.75 489.5 537.25
3 444.0 155.875 506.99999999999994 233.125
3 461.99999999999994 318.0 526.0 412.0
3 484.25 408.125 551.75 490.87500000000006
3 493.5 489.875 551.5 546.125
3 497.0 167.0 583.0 266.0
3 516.0 258.0 589.0 331.0
3 533.125 334.875 592.875 418.125
3 546.25 427.25 610.75 502.75
