3 403.75 298.125 470.25000000000006 384.875
3 3.0000000000000004 233.0 13.0 263.0
3 14.75 239.5 22.25 268.5
3 28.0 241.5 33.0 271.5
3 28.25 248.75 39.75 292.25
3 40.24999999999999 249.74999999999997 51.75 289.25
3 49.75 255.875 62.25 292.125
3 62.0 271.125 73.0 307.875
3 82.12499999999999 272.25 101.875 311.75
3 97.5 279.75 117.5 321.25
3 119.25 282.75 138.75 321.25
3 129.0 286.0 154.0 339.0
3 151.0 295.0 167.0 352.0
3 163.875 301.0 186.125 354.0
3 183.87500000000003 301.75 213.125 358.25
3 199.00000000000003 318.00000000000006 243.0 371.0
3 209.125 420.5 230.875 454.5
3 213.5 387.5 226.5 430.5
3 226.50000000000003 390.125 250.5 436.875
3 228.49999999999997 431.875 250.5 474.12499999999994
3 231.74999999999997 319.0 271.25 394.0
3 246.25 272.875 273.75 321.125
3 250.5 398.5 288.5 453.5
3 251.75 212.0 288.25 266.0
3 260.5 165.75000000000003 288.5 206.25
3 266.25 453.25 295.75 510.75
3 269.0 334.125 311.0 404.87500000000006
3 275.25 271.5 310.75 324.5
3 278.0 215.49999999999997 323.0 272.5
3 282.25 170.0 317.75 212.99999999999997
3 286.0 420.25 316.0 477.75
3 291.0 479.875 338.0 540.125
3 301.0 344.875 358.00000000000006 420.125
3 305.12499999999994 279.125 355.875 348.87499999999994
3 309.875 222.00000000000003 352.125 275.0
3 317.875 169.0 357.125 225.0
3 319.75 427.25 360.25 490.74999999999994
3 334.5 500.0 379.5 557.0
3 345.0 354.25 420.0 443.75
3 352.125 223.0 409.87500000000006 286.0
3 354.75 169.24999999999997 395.25 218.75
3 359.75 447.875 424.25000000000006 516.125
3 380.5 514.25 437.5 593.75
3 391.99999999999994 225.25 454.0 308.75
3 396.99999999999994 172.0 444.0 225.99999999999997
3 407.875 387.125 482.125 470.875
3 427.5 464.75 489.5 537.25
3 444.0 155.875 506.99999999999994 233.125
3 461.99999999999994 318.0 526.0 412.0
3 484.49999999999994 408.25 551.5 490.75
3 493.5 489.74999999999994 551.5 546.25
3 497.0 167.0 583.0 266.0
3 516.0 258.0 589.0 331.0
3 533.25 334.75 592.75 418.24999999999994
3 546.125 427.125 610.875 502.875
