3 0.0 241.5 46.0 308.5
3 19.0 225.75 71.0 302.25
3 30.250000000000004 517.0 77.75 572.0
3 53.5 498.00000000000006 103.5 566.0
3 114.75000000000001 242.25 171.25 308.75
3 143.0 224.00000000000003 200.0 303.0
3 144.5 525.5 196.50000000000003 580.5
3 171.5 509.74999999999994 223.5 576.25
3 253.75 240.0 312.25 308.0
3 274.0 529.25 328.00000000000006 585.75
3 282.5 221.75 340.5 299.25
3 300.25 511.0 353.75 578.0
3 388.75 243.0 447.24999999999994 309.0
3 400.75 536.25 456.25 591.75
3 416.75000000000006 226.25 475.25 300.75
3 429.75 516.75 483.24999999999994 586.25
3 521.5 247.75 580.5 312.25
3 525.75 535.0 583.25 592.0
3 552.5 228.0 608.5 306.0
3 556.25 516.25 609.75 585.75
