2 0.0 368.75 84.0 509.25
2 98.5 554.0 176.5 639.0
2 108.75 337.0 192.25 392.0
2 137.25 233.5 222.75 346.5
2 178.75 519.75 232.25 594.25
2 194.0 509.75 332.0 639.25
2 199.25 86.0 271.75 181.0
2 206.0 207.5 309.0 316.5
2 228.0 425.0 328.0 510.0
2 233.25 316.25 321.75 353.75
2 260.75 84.25 355.25 212.75
2 300.5 508.5 376.5 631.5
2 327.25 317.25 375.74999999999994 375.74999999999994
2 329.5 59.0 412.5 139.0
2 345.0 429.5 435.0 520.5
2 349.75 610.0 453.24999999999994 639.0
2 396.0 220.25 489.0 308.75
2 422.25 39.75000000000001 526.75 168.25
2 424.25 170.25 508.75 234.75
2 434.49999999999994 409.0 538.5 533.0
2 450.25 512.5 572.75 638.5
2 506.99999999999994 116.0 594.0 222.99999999999997
2 510.75 227.25 589.25 249.75
2 530.75 408.25 639.25 550.75
2 600.5 312.0 639.5 408.0
