2 61.000000000000014 0.0 281.0 328.0
2 144.5 319.0 181.50000000000003 373.00000000000006
2 234.12499999999997 223.0 413.875 619.0
2 267.0 157.0 306.0 213.0
2 279.0 117.99999999999999 310.0 170.99999999999997
2 285.875 245.0 334.125 306.0
2 295.5 203.0 330.5 245.99999999999997
2 303.5 171.0 339.49999999999994 214.0
2 306.0 118.25 341.0 174.75
2 334.49999999999994 146.24999999999997 371.5 181.74999999999997
2 340.50000000000006 170.0 378.5 225.0
2 341.0 93.875 386.99999999999994 160.125
2 367.75 198.0 404.25000000000006 262.0
