3 477.5 385.25 525.5 446.75000000000006
3 276.25 437.75 308.75 480.25
3 302.0 387.0 334.0 435.0
3 336.125 491.99999999999994 368.875 541.0
3 338.875 458.0 366.125 492.0
3 347.0 377.75 372.0 408.24999999999994
3 359.5 266.125 389.5 305.875
3 404.0 381.5 441.99999999999994 435.50000000000006
3 423.875 163.125 453.125 204.87499999999997
3 442.0 368.00000000000006 482.0 416.0
3 472.0 35.875 507.0 107.125
3 471.75 171.0 514.25 235.0
3 517.0 18.0 561.0 88.0
3 524.125 92.875 553.875 167.125
3 553.75 141.5 598.25 212.5
3 581.125 422.875 615.875 484.125
3 590.875 491.875 623.125 570.125
3 621.5 283.0 639.5 334.0
