3 211.5 150.75 266.5 217.24999999999997
3 83.75 284.75 150.25 411.25
3 120.24999999999999 232.99999999999997 207.75 356.0
3 137.75 384.49999999999994 225.25 498.5
3 187.0 200.25 225.99999999999997 232.75
3 220.5 78.74999999999999 274.5 160.25
3 227.5 233.25 265.5 254.74999999999997
3 245.5 44.49999999999999 296.5 112.5
3 250.75 130.25 302.25 184.75
3 258.0 177.0 304.0 247.0
3 285.0 93.75 321.0 159.25
3 287.75 234.5 314.25 274.5
3 301.5 149.0 326.5 192.0
3 304.0 170.99999999999997 346.0 233.0
3 316.5 225.0 366.5 293.0
3 326.99999999999994 118.25 361.0 163.75
3 339.00000000000006 125.5 385.0 200.5
3 348.5 328.24999999999994 456.5 429.75
3 350.5 425.75 447.5 559.25
3 358.25 271.0 405.75 325.0
3 368.0 185.0 407.0 252.00000000000003
3 378.0 73.75 425.0 134.25
3 389.75 210.75 444.25000000000006 288.25
3 396.0 138.25 456.99999999999994 195.75
3 402.5 274.25 457.5 340.75
3 444.49999999999994 399.75 503.5 535.25
3 452.5 129.25 506.50000000000006 188.75
3 462.5 274.5 513.5 350.5
3 466.25 186.0 522.75 260.0
3 476.99999999999994 329.5 509.0 370.5
3 496.25 125.75 557.75 219.25
3 514.25 269.75 537.75 326.25
3 523.75 204.0 560.25 266.0
3 555.0 180.99999999999997 575.0 212.0
